2514
5242
3572
4763
3697
10581
816
5715
10305
9946
4610
8341
4614
1232
8655
7658
669
4798
4789
8854
1188
5963
10572
6715
11105
4581
3244
10582
5467
5472
7515
506
8270
11087
3825
6056
8998
6097
2904
4792
3644
6499
612
3917
3854
6265
9605
10471
4004
5593
5161
4751
8248
2329
10012
1189
1241
1602
8
2622
2058
9260
4220
7345
5689
3465
1841
7164
1075
8429
3939
319
2314
10466
5115
2253
10450
1724
10633
3288
153
783
2092
9146
4924
1334
2208
1733
8297
5844
8733
3671
5464
4900
2586
9451
9400
3258
7659
6054
9718
9306
7601
8710
3080
10659
3405
11084
10517
2317
3311
6270
6404
7741
3781
8391
7685
3287
993
2517
9355
6974
2411
204
9672
1873
2856
9104
7231
3850
4535
834
9184
2884
4667
5621
1344
8386
10925
512
4770
4421
6925
2333
5586
7568
446
8912
9175
2439
8028
9317
4559
8251
7116
5026
8725
3585
8541
10191
4209
5502
7830
3292
7057
5463
10467
7400
9190
5039
10615
4011
8757
10202
4599
3091
8501
279
9950
1467
8072
1439
2618
6964
7032
10103
5981
5831
1791
2185
1577
3946
5177
10786
9945
4596
2847
6582
5287
7411
1215
3133
4899
7808
5330
6215
10731
10840
8979
1486
4656
915
6836
4861
8657
4989
10890
7208
2594
3442
5643
8264
4076
4235
11116
1650
844
213
5601
7159
1503
4691
9668
1330
8401
2520
7370
556
5834
8103
700
587
6687
7482
896
963
2290
558
3105
7140
1809
1198
2070
10097
1988
7143
6224
5975
6413
7595
917
3873
3975
3396
1171
4603
3475
5280
10912
8650
10473
9138
8402
4291
2831
2331
5138
8443
2199
2495
1608
6569
9595
4145
11134
8222
5634
2803
9573
2075
10677
6533
5493
10584
8444
6269
6641
5184
621
1794
10971
5563
6069
1471
932
7892
6688
9665
5872
4793
4807
6661
807
10999
4504
2786
542
4735
10461
4796
919
804
6469
6420
840
6606
8327
6556
10284
6031
3863
2339
8911
7300
1016
10831
4816
3800
10276
6583
1603
4419
8871
8619
10795
3260
4368
8145
5721
10661
3348
3271
5624
809
937
10426
1639
1677
3092
921
10893
3019
9708
5612
2880
10355
1642
4623
4429
7857
9809
4785
4600
6498
10475
2258
328
4967
9214
10917
5558
10374
2563
4309
3823
6405
650
9447
7983
9923
6144
7717
9021
6796
9814
7560
8167
9955
6792
5722
3687
6080
6172
2436
6065
7004
3182
9016
936
10617
5727
8041
2480
4834
2407
8275
514
1958
4488
10648
2545
2311
9772
742
252
6552
7312
10885
2876
4148
10746
4345
3876
467
10630
2620
9830
2702
6182
5473
3796
4008
8604
6127
3193
1153
4350
3743
10481
6644
1340
6592
5384
3368
10830
9406
8076
769
7709
144
7473
2771
4360
438
10728
3039
3519
1682
10685
8005
1653
5203
9929
1651
6654
2732
10373
11099
6809
9217
11028
2045
4109
3897
10335
10114
8689
607
8435
4845
9206
2648
4571
10193
8208
1782
9389
609
8236
3580
7175
5525
3532
876
8306
509
11158
9119
6944
7949
981
2026
3720
1820
10292
1835
8772
9991
6832
4933
6117
6613
7847
2656
5237
1641
10652
8792
9069
11143
7389
6057
970
4397
1382
5682
10597
5249
10689
9563
40
5947
555
486
1422
1516
7441
3283
6816
10614
5131
6575
7680
1524
3944
8848
6205
8400
9919
1187
11138
9856
4403
11111
4238
2240
5690
5843
6958
5838
1218
8843
6945
10767
3373
276
7092
1764
6717
4006
4530
6970
7129
8572
8027
10618
653
7737
4950
6535
527
8577
3741
10178
3598
9073
8164
8309
2906
10823
9651
7760
9528
9358
10901
6282
6731
5132
4336
5583
7645
7598
3506
8256
2238
5466
4896
9483
2666
3113
8793
806
1476
7527
5035
9207
10297
4094
2787
10331
4126
2328
5736
6175
6771
7593
2899
7531
7122
9471
4133
8773
5798
10721
1130
5062
5662
1283
6864
5094
10769
5468
9734
2873
2881
7293
6769
6744
4576
4928
1238
1705
1293
9028
6936
6660
8387
6914
4326
10776
10483
3427
5651
8795
6889
5827
5282
6006
5704
1183
6121
7261
5916
8553
5000
5677
10576
2975
8184
3709
2276
7753
10391
9550
9466
6416
6963
11034
6283
7861
1981
4572
1618
4641
9624
2849
1766
2894
10314
2392
7784
8586
11102
2763
4604
574
6061
10892
9276
8535
8628
4212
8791
4317
5125
7972
10960
8284
7052
2634
2540
9872
6951
2346
2195
10574
2474
4279
7310
8067
1449
6505
9914
1103
927
2931
5480
1379
2222
4569
8433
2653
2325
6343
5766
3894
4313
5241
7718
5331
106
8960
7572
2461
3342
1133
1474
4740
4878
126
533
1789
1225
6279
8543
6671
770
8670
5089
3153
9240
2103
7554
2521
7840
3967
2432
115
8694
9482
2659
7355
6055
7437
1304
4147
1012
10519
7162
314
2957
2363
4416
10344
5683
3317
1952
9540
4519
4764
10570
3274
2551
3621
5629
5685
7773
6382
3219
1879
1825
11035
4860
818
9993
5768
2765
11199
3217
4584
5162
2137
9443
10088
3651
1992
10868
5984
2260
1105
5376
5888
8633
5496
867
10083
11103
9534
508
5840
7226
3662
169
9397
3830
3731
7855
5578
7455
8706
25
10606
7748
9121
9779
6622
10076
2383
8863
5882
8250
4973
499
4708
1953
5116
8432
2367
10924
3462
3302
1416
7090
8589
11121
1635
900
5901
541
6316
5813
5636
4804
2819
10829
9160
476
364
6675
9234
8682
595
6274
5595
6855
6217
4448
3498
6745
6719
70
6862
6398
7153
1481
10853
4411
5075
4349
2100
5106
8083
2389
3599
11083
3461
3892
9168
6680
254
693
683
6411
5200
5492
2355
9508
8708
2595
3163
9283
5779
3765
7920
5487
5123
2968
7421
3627
8965
1613
411
3615
5446
2785
3448
591
10524
8037
6812
1832
2808
1819
294
5392
10548
10098
956
3623
7354
1829
2294
577
8156
8754
9198
856
8557
4468
3074
9006
5585
5023
2484
8448
629
6001
10564
2507
93
4166
7886
3855
8891
8312
1320
6436
7909
4103
8935
4410
10054
6075
2818
1350
229
4541
9393
8242
6311
9280
11171
4643
2529
9371
8829
2201
9995
910
3012
5261
9407
10456
3938
10155
10509
6632
7927
2174
3471
5529
3007
4172
10045
746
8830
4954
8193
4703
1297
6005
711
7172
2283
6204
2861
1195
6948
1427
7789
1108
1667
6046
5490
9510
7745
2433
7557
7142
8511
340
8025
10847
8138
9845
5800
2693
4362
8536
6426
3582
1964
7517
3932
7346
1052
150
268
1567
2288
7957
7471
5667
10635
9091
3584
5846
4056
8764
5218
3674
435
10993
5847
4913
4539
5475
3444
5356
9543
4289
10989
2833
1080
5027
8934
5823
4972
4838
2477
1950
9943
2284
9812
4035
5870
7873
10134
1214
4563
