0.9994645885
0.999286144554
0.998750924244
0.998394179745
0.998215831394
0.998037498976
0.99785918249
0.997680881936
0.997502597315
0.997324328627
0.997146075871
0.996967839048
0.996255067011
0.996076909851
0.995898768622
0.995364456464
0.995186378966
0.994296246393
0.993940298519
0.99376234848
0.991450623094
0.99109518506
0.990917489941
0.990384516113
0.990206884724
0.989674086153
0.988786423118
0.988431463058
0.988076566728
0.987899142462
0.987721734128
0.987544341727
0.987012260119
0.986834931448
0.986480321903
0.985062855605
0.984885702192
0.98470856471
0.984531443162
0.983646122203
0.983292086228
0.982938113983
0.982584205467
0.982407275109
0.981522862302
0.981169208707
0.980992405808
0.980638847808
0.980285353538
0.980108630301
0.979931922997
0.979755231626
0.979225253107
0.978872013756
0.97869541798
0.978518838136
0.978342274225
0.973761984582
0.972529446756
0.97235342455
0.972001427934
0.971473552504
0.971297625893
0.971121715213
0.970594094704
0.970418247754
0.970242416738
0.970066601654
0.969890802502
0.969539251996
0.969363500642
0.96918776522
0.968836342174
0.96866065455
0.968484982859
0.968309327099
0.967958063378
0.967606863388
0.967431287291
0.967080182895
0.963397482232
0.963222288516
0.963047110731
0.96199639454
0.961296272905
0.960596358392
0.960421419596
0.9598966988
0.959546964598
0.959372121396
0.95902248279
0.956752118161
0.956053876561
0.955704843389
0.955530350702
0.955355873948
0.955006968236
0.954832539279
0.954309348003
0.954134982776
0.95343772899
0.953089173793
0.951695924888
0.951521798649
0.951173593967
0.950999515525
0.949607509355
0.948737993431
0.948564138044
0.948390298589
0.948216475067
0.948042667477
0.94786887582
0.946305643124
0.94526410405
0.945090567313
0.944917046508
0.944743541636
0.944396579688
0.944223122614
0.942836214842
0.94214307164
0.941969821687
0.94110385871
0.940411352808
0.94023826218
0.939719085893
0.939546058995
0.93833536462
0.938162465183
0.937816714105
0.937643862465
0.936607135005
0.936261670712
0.935743609699
0.935570949249
0.935398304732
0.935225676146
0.935053063494
0.934362772208
0.93401772216
0.93315537586
0.929197058963
0.929025003948
0.927649201126
0.927477289503
0.926961666162
0.926789818269
0.926617986308
0.926102586022
0.925415624628
0.925243920128
0.924900558925
0.924557261451
0.924214027708
0.924042434735
0.923699296587
0.92318472479
0.923013227412
0.922670280454
0.922498830873
0.922327397226
0.921813191877
0.921470467973
0.920956501612
0.920271452117
0.920100225591
0.919929014998
0.919415478814
0.919073201021
0.918559919756
0.918559601106
0.918388533906
0.918217482638
0.918046447302
0.917875427899
0.91753343689
0.917362465285
0.917020569871
0.916849646063
0.916336970233
0.916166110155
0.912584453377
0.912413943814
0.912072972485
0.911902510719
0.911391221017
0.911220822981
0.910198785281
0.910028498773
0.909687973554
0.908496653093
0.908326525909
0.90798631934
0.907646176501
0.907306097391
0.906456178437
0.906286242443
0.905436801464
0.905266961065
0.905097136599
0.904757535465
0.904587758796
0.90441799806
0.904248253257
0.904078524386
0.903908811447
0.903739114441
0.903569433368
0.902721314785
0.902382159761
0.902212606147
0.902043068466
0.90153456695
0.901026208827
0.900856782673
0.900348599808
0.900009890893
0.899840560334
0.899671245708
0.899501947015
0.899163397425
0.898994146529
0.898486505368
0.898317318202
0.897978991667
0.897809852298
0.897640728862
0.895274960452
0.89459956605
0.894430745331
0.894261940545
0.893755637713
0.893586896657
0.891563485704
0.891226433768
0.890889445563
0.890384082749
0.889878863327
0.889710488718
0.889542130042
0.887188024219
0.886515641058
0.886011520978
0.885843512817
0.885675520588
0.885507544291
0.885339583927
0.885171639496
0.884667901796
0.884500021095
0.884332156326
0.883996474585
0.882822249691
0.882319181156
0.88215152351
0.881983881796
0.881648646165
0.88064336945
0.880475871128
0.879973487691
0.879806053099
0.87963863444
0.879471231713
0.878801780131
0.878634457067
0.878467149935
0.875960378944
0.875626290452
0.875459270106
0.873623145633
0.873456316476
0.87312270596
0.8729559246
0.872789159173
0.872622409679
0.872455676117
0.870623104591
0.870456562219
0.870290035779
0.86829340735
0.868127088033
0.86762824161
0.867461986022
0.867295746368
0.867129522646
0.866630947075
0.866464787083
0.866298643023
0.865800306439
0.864804079382
0.864638094647
0.863974315033
0.863808409961
0.863642520822
0.863476647614
0.863144948998
0.862979123588
0.862813314111
0.861984505712
0.86165309388
0.861156111559
0.860990477339
0.860824859052
0.860659256697
0.8599970544
0.859831531708
0.859666024948
0.858838825732
0.857846613663
0.857515998456
0.857185446978
0.856689755189
0.856524551147
0.856359363037
0.85487383312
0.854543791483
0.854378794563
0.854213813575
0.85404884852
0.853224278166
0.853059408706
0.852564911853
0.851411622258
0.848944124867
0.848450807019
0.848286399601
0.847957632564
0.847464601501
0.841894840179
0.841731070061
0.841567315875
0.841076164847
0.840912474392
0.840421514553
0.839603635846
0.837315857001
0.836825932774
0.836662656564
0.83617293946
0.835846530431
0.835357036383
0.834052595206
0.833726600422
0.833074849843
0.832749046249
0.832586168351
0.832423306385
0.831934816084
0.831934433704
0.831120649648
0.830307216107
0.829819363105
0.829169142045
0.828031800878
0.82738223305
0.827219880924
0.826570647679
0.826408375216
0.82527296188
0.82381429415
0.823652292539
0.82284257127
0.822356916953
0.822195058734
0.820901101139
0.820416020392
0.820254353363
0.820092702267
0.819931067104
0.819607844574
0.819446257208
0.819284685775
0.818800083002
0.818315607689
0.817669879592
0.817185738862
0.816701741524
0.816540440943
0.816379156294
0.816217887578
0.815572987971
0.815250625797
0.815089468608
0.814928327352
0.814122875991
0.81396183033
0.813317822943
0.812995906878
0.812834972745
0.812674054543
0.812191411467
0.812030556996
0.811708895851
0.811226523628
0.811065764751
0.810905021808
0.810744294797
0.81026222529
0.808817275439
0.80833576357
0.808175291479
0.806251124037
0.805930610032
0.805770376928
0.805610159757
0.805289773212
0.805129603838
0.804649191311
0.804489085667
0.804328995956
0.803848822417
0.803528786386
0.80336879227
0.803208814086
0.802089508503
0.801769822987
0.80097090395
0.80049175009
0.800012723691
0.799533840683
0.799374244879
0.799214665008
0.796029137857
0.795869892568
0.795710663211
0.795551449787
0.795392252295
0.794755621653
0.794596503824
0.794437401927
0.794119245932
0.792053279283
0.791576786151
0.791259203724
0.790941685028
0.790782949579
0.790465526478
0.789672263476
0.789513655487
0.78935506343
0.788879382854
0.787770114743
0.787611697944
0.787453297077
0.786978206004
0.786028438102
0.78587019656
0.784605172376
0.78428899201
0.783656822466
0.783498819912
0.78334083329
0.7831828626
0.783024907843
0.782709046127
0.782551139167
0.782077513883
0.78018532296
0.779870034813
0.779712414638
0.779712048191
0.778451994946
0.778294518164
0.777979612397
0.777822183412
0.777350007985
0.777192642731
0.777035293408
0.776877960019
0.776720642561
0.776563341037
0.776406055444
0.775934310195
0.775777088333
0.775619882403
0.775462692406
0.774991233941
0.77326405587
0.77310710486
0.772950169783
0.772793250638
0.772636347426
0.772479460146
0.772322588798
0.771381790891
0.771068287184
0.770911559229
0.770598151117
0.770441470959
0.770284806734
0.769032241762
0.768875720929
0.768249796924
0.767936930517
0.767624127839
0.767155059249
0.766998729607
0.766529836274
0.766217320381
0.766061086334
0.765592495718
0.765280171016
0.764811819388
0.764343611152
0.763096048983
0.762940133586
0.762472482988
0.762004991714
0.761849187844
0.761693399906
0.761537627901
0.761070407481
0.760914699205
0.760136444614
0.759669654371
0.759047506367
0.758736519994
0.755942677304
0.755787494801
0.755632328231
0.755477177593
0.75377189077
0.752068930092
0.751914145902
0.751759377644
0.751449888925
0.751295168464
0.750831102678
0.749903560607
0.749748999471
0.749594454268
0.749439924997
0.749285411659
0.749130914254
0.748667517632
0.748204264402
0.747586864282
0.747432542134
0.747123945635
0.746661186313
0.746198554451
0.744965809503
0.744811758207
0.744503703413
0.743887832812
0.743733893044
0.743579969208
0.743272169334
0.743118293296
0.742349168024
0.742195387581
0.74204162307
0.740965876929
0.740505013574
0.739737274429
0.739583764838
0.739123331661
0.7389698858
0.738816455871
0.738663041875
0.738202895482
0.738049545216
0.737896210883
0.737589590014
0.736976555397
0.735751394316
0.73559829897
0.735292156076
0.735139108527
0.734986076911
0.734221253413
0.734068317392
0.733762493147
0.732540072456
0.732387311692
0.732234566861
0.731318448389
0.731013197714
0.730708010769
0.730555441196
0.730250349846
0.728726422616
0.728726279223
0.728421570253
0.728116925013
0.727812343503
0.727051168547
0.726898981353
0.726746810091
0.726594654763
0.725682121102
0.725378049432
0.725074041492
0.72492206142
0.724770097281
0.724618149075
0.724466216801
0.72431430046
0.724010515574
0.72385864703
0.723403152926
0.722947802214
0.722796045198
0.722340869743
0.721582610434
0.72143099681
0.720976267465
0.720824717571
0.720521665581
0.72021867732
0.718856114401
0.71825090264
0.718099639531
0.717948392354
0.717343578905
0.717192411391
0.716739004443
0.715681851524
0.715228922552
0.714474375513
0.713871011921
0.713720210854
0.71356942572
0.713117165912
0.712815739036
0.71251437589
0.712363718216
0.712213076474
0.712062450665
0.711911840788
0.711460106753
0.710557164454
0.709805086953
0.707552646381
0.707402514479
0.706802162129
0.706652109889
0.706352053208
0.70560223812
0.705452313341
0.705302404494
0.705002634597
0.704553099246
0.704403285994
0.703504756997
0.703055699621
0.702906045694
0.702756407699
0.702606785637
0.70230758931
0.702158015046
0.701858914314
0.701709387847
0.70141038271
0.701111441303
0.700961994499
0.70051374968
0.700364366605
0.700214999463
0.699617706152
0.699468418672
0.699020651828
0.698871428078
0.698423868356
0.698125564249
0.697976436095
0.697529147225
0.697380082801
0.697082001749
0.694849301539
0.694551762191
0.694403016416
0.694254286574
0.692471647488
0.692323124768
0.69098758336
0.690987169116
0.690690458258
0.690393811131
0.690245511466
0.690097227733
0.689948959933
0.689652472131
0.689356048058
0.689207859921
0.688467206018
0.687579049075
0.686839223662
0.685656570478
0.68536100676
0.6852132488
0.685065506773
0.684770070515
0.684622376285
0.684474697987
0.684327035622
0.683736561418
0.683588978716
0.683441411945
0.683146326202
0.682556345906
0.682408890664
0.682114027976
0.68196662053
0.681377197872
0.681229870089
0.681082558239
0.680199181044
0.67961049128
0.679463354688
0.679169129299
0.678433892445
0.678286883312
0.678139890112
0.677992912844
0.677845951508
0.676671073382
0.676524255439
0.675937158925
0.675790420645
0.675496991881
0.675350301398
0.675203626848
0.674031138596
0.673884607438
0.673883571826
0.673590557307
0.673444073947
0.67300471946
0.672858299829
0.672565508366
0.672272780632
0.671833808525
0.671541240117
0.671394979811
0.671248735438
0.671102506997
0.670810097914
0.670225486868
0.670079369955
0.669933268975
0.669641114811
0.669349024377
0.669203003059
0.66891100822
0.668765034699
0.667598154686
0.667160712098
0.667014929768
0.666723412904
0.665994915495
0.665703621686
0.665702617938
0.665411387859
0.665265796718
0.66512022151
0.664974662234
0.664247120775
0.663810793463
0.663665377579
0.663519977628
0.66337459361
0.663229225524
0.662502671879
0.66221214283
0.662066902204
0.661921677511
0.661195824896
0.660760501331
0.660035301948
0.659745314604
0.65960034483
0.659455390989
0.658441319537
0.658151682707
0.658006888191
0.657862109608
0.657717346957
0.657283154598
0.657138455677
0.65583732846
0.6555482652
0.654537284652
0.654392888448
0.654104143838
0.653815462958
0.652949850496
0.652373062306
0.65222890509
0.65165243555
0.651364296375
0.650212424772
0.649061668443
0.649060250451
0.647910704993
0.646762179214
0.645614673114
0.645471264725
0.645327872269
0.644897806427
0.644611164906
0.644038088988
0.642749898956
0.642606809217
0.641891647307
0.641748653162
0.641605674951
0.640748203994
0.639748519584
0.639605764428
0.639034903126
0.63874956807
0.638606924441
0.638036525181
0.637181539693
0.637039071322
0.636896618882
0.636754182376
0.63632696845
0.635899897917
0.635757572938
0.635615263891
0.635046187029
0.634903957645
0.634761744193
0.634619546673
0.634477365087
0.63419304971
0.633908798064
0.63376669614
0.633198447767
0.633056425505
0.632914419176
0.632772428779
0.632204626516
0.631637079173
0.631495232169
0.631353401097
0.631211585958
0.630928003476
0.630786236134
0.628521224824
0.628238247777
0.628096783153
0.627107088418
0.626683140654
0.626118078781
0.625976853144
0.625835643439
0.625694449667
0.625270979878
0.624988735726
0.624847637549
0.624706555304
0.624565488992
0.624142401583
0.623860412351
0.623719441634
0.623578486849
0.623155734022
0.623014842967
0.622873967845
0.622733108655
0.622451438073
0.622169831221
0.6211849481
0.619779431174
0.619779208119
0.619638699444
0.619498206702
0.618655632628
0.618515251413
0.61837488613
0.617953901811
0.617813600258
0.617673314638
0.617392791196
0.616691857004
0.615431182391
0.614731315676
0.613891959966
0.613193017335
0.612215271972
0.611935991264
0.611377668836
0.611238116111
0.611098579319
0.610540607405
0.610122283812
0.609843481079
0.609704103612
0.609564742077
0.609425396474
0.609146753066
0.60845045523
0.60719816111
0.606920027542
0.606780984656
0.606641957703
0.606502946683
0.605808226164
0.605669310739
0.604558656501
0.603310488897
0.603033247549
0.603032960764
0.603032721776
0.603032546519
0.603032339396
0.602062735538
0.601093912372
0.600817180864
0.599710955859
0.599434543001
0.597915761967
0.597639763353
0.597501787945
0.597225884926
0.597087957315
0.596950045637
0.596674270078
0.595847421377
0.595709653091
0.59502105065
0.594745721201
0.594608080375
0.594470455482
0.593370268893
0.593232787393
0.592683036647
0.592545634809
0.59227087893
0.591447089267
0.591035377659
0.590760972295
0.590212400554
0.589801103192
0.589115942169
0.588568087391
0.587883659263
0.587746815062
0.587609986794
0.587473174458
0.587336378054
0.587062833045
0.586926084439
0.586789351765
0.58515051938
0.584604528703
0.584331620994
0.584195191038
0.584058777014
0.582968277382
0.582695752053
0.581878574376
0.581742431204
0.581606303966
0.58147019266
0.581334097286
0.581061954336
0.580246003461
0.579430530561
0.579158833721
0.578751407955
0.578344125581
0.577801321403
0.577665656207
0.577123170679
0.576174645512
0.575903713431
0.575632845081
0.575226662049
0.574550104575
0.574414821758
0.574279554874
0.573198009305
0.572792686628
0.572657610934
0.572387507343
0.572117467483
0.571982471451
0.571712527186
0.57144264665
0.571172829844
0.570633387423
0.570498566649
0.570228972898
0.569959442878
0.569016749004
0.568747505768
0.568478326262
0.568209210486
0.56794015844
0.567805656316
0.567536699865
0.566998978154
0.566327184495
0.56592429949
0.563778638501
0.562707114471
0.562573233714
0.56243936889
0.562305519998
0.56190408485
0.561369055729
0.561235334298
0.560967939231
0.560700607895
0.560699827203
0.560566185433
0.560432559596
0.560298949692
0.55883075433
0.558697335615
0.558430545984
0.558163820082
0.55723084503
0.557097617506
0.556964405914
0.556698030527
0.55643171887
0.555766314142
0.555633261875
0.55550022554
0.555367205138
0.555234200669
0.554303854479
0.554170977469
0.55350684734
0.553241300443
0.552577727952
0.552445058065
0.551516926492
0.55125185757
0.551119347007
0.550986852378
0.550986645255
0.550721703793
0.547156409687
0.546760423453
0.546628454595
0.54649650167
0.546232643618
0.54610073849
0.545705118703
0.545705007175
0.544387373893
0.54425569182
0.543860741198
0.543597520445
0.543334363422
0.54307127013
0.542939747382
0.542808240567
0.540183123001
0.5397896541
0.539265251955
0.538872133569
0.538741120661
0.538610123686
0.538479142643
0.53808629511
0.537301078018
0.535733145236
0.535602514709
0.534949601057
0.534558044056
0.534166646379
0.533905783636
0.533123673381
0.532472273316
0.532342041101
0.532081624467
0.531821271564
0.531430877635
0.531040611165
0.530910554207
0.530780513182
0.530650488089
0.530520478928
0.528702740555
0.528572970382
0.528054049014
0.527924358504
0.527146709347
0.526628504942
0.526498989689
0.52624000698
0.52585165241
0.525592829026
0.52494614498
0.524429023984
0.523783009103
0.523395578618
0.522234243113
0.521589630291
0.520816601558
0.520430270415
0.520301519922
0.520172785361
0.520044066732
0.519272089544
0.518886316039
0.518500701858
0.517729887742
0.517473071853
0.516959679061
0.516703054361
0.516318236806
0.515933562642
0.515420886813
0.515292757687
0.515164644493
0.514396299914
0.514396076859
0.513628465174
0.51286142706
0.512861156207
0.512094691662
