8998
1075
4220
2253
5115
4004
9451
4667
8251
3850
558
10633
6533
11087
4559
8341
9260
3917
4861
6270
932
5493
6404
917
3287
3572
3442
2339
3697
7949
6582
844
9406
6080
4900
3396
10509
2092
5715
10467
7345
4899
7370
2873
2881
3939
7857
10746
3193
5963
252
3975
3105
4763
6644
9371
2586
3644
4622
9192
2238
1189
1503
4345
993
1016
2137
10466
1981
4785
2284
9280
5287
3244
6668
7764
5116
6583
4721
499
3511
4473
5825
6279
7646
3913
9021
653
4212
974
4429
5132
5916
9840
2856
4397
8832
4475
7198
8235
4380
6177
9447
10516
10663
3912
9900
11058
7122
1608
2433
7208
6575
10398
2904
6069
8250
9595
956
3288
6154
7805
8854
10032
683
3133
8413
6829
621
4514
746
6427
2563
4571
867
1746
8248
3731
5981
6561
1724
4334
4926
7231
9929
915
9672
204
5203
1841
4235
8512
816
2290
4600
7482
8435
8448
6531
10647
4530
8297
2317
3532
1350
6641
7680
10411
1766
3538
4416
4977
6936
8386
10386
4567
7355
10548
10669
11143
910
3907
4584
6426
7036
107
2902
4573
8246
10786
179
909
3047
4282
6985
821
1073
3799
4777
8465
8993
290
299
739
792
1097
1212
1268
1356
1519
1634
1687
1858
2035
2153
2252
2584
2597
2717
3069
3121
3154
3724
4513
5424
5547
5707
6309
6319
6356
7542
7688
8094
8161
8414
8762
8850
9526
10119
10403
10415
10469
10667
10761
11165
506
11084
2355
700
804
2931
1467
783
4989
607
2208
10615
3501
10305
1733
2514
4614
9073
9540
10572
5237
7450
10795
40
5621
2439
7572
475
6816
1225
10517
5242
8242
2331
7411
9104
4148
7753
1618
4661
5330
5467
7300
5249
7020
5727
9089
8979
542
1341
1382
5704
6056
10582
10659
4747
10178
612
4610
3623
4807
1884
2688
2774
2517
1215
5487
564
10584
6715
7771
11199
981
3711
4874
2495
3741
2520
446
2240
5831
1427
5106
6974
8700
1344
6654
1567
2288
3258
7957
3796
5558
8655
9667
9856
769
3564
4381
5844
9563
2831
5177
5479
6097
8264
8179
556
2620
3519
7116
9991
2329
7531
7558
8005
9668
3743
4472
1330
3219
4812
3091
10597
279
5624
9814
1361
1422
6951
9317
1471
6057
8164
2634
5161
5162
7175
2819
5439
6054
8754
9190
438
1171
3368
5800
471
4691
10103
1764
6962
8395
9497
9772
5280
7808
9674
11168
1769
3696
4706
5490
7158
7873
7877
10685
213
4425
4834
5910
693
2741
3080
5069
6695
9407
10138
1357
3527
7157
10481
10945
2464
3035
10107
10471
10581
587
2099
2729
3042
4549
4656
4858
4920
5477
6656
6725
6928
7991
8038
8146
8556
8615
8809
8821
8833
8849
8990
9441
10245
10540
10727
10765
10970
11015
106
1509
1997
2961
4286
5502
8798
10691
920
1283
3672
3753
3871
4599
9946
10088
10590
1007
2337
6976
7124
8256
9583
10728
10787
2362
4788
9534
10836
510
1621
2451
2567
2617
5023
6963
9026
9282
9665
1866
1946
2365
2842
3156
3608
3656
4041
4134
4193
4481
5252
5700
5803
5804
5878
6009
6023
6066
6395
6530
7999
8460
9178
9197
9565
10425
10777
10899
1677
2027
3825
4332
5160
9283
9324
9878
308
521
755
1371
1513
1676
2684
2981
3604
3718
4414
4470
4596
4652
4792
4824
5234
5270
5576
5858
5924
5934
6271
6290
6997
7214
7368
7472
7476
7627
7818
7912
7953
8039
8049
9075
9314
9436
9493
9536
9558
9763
10108
10334
10702
10866
10935
10964
11149
407
525
649
866
1134
1797
2058
2231
2515
2552
2996
3117
3162
3188
3202
3609
3763
4184
4898
4982
5032
5048
5117
5305
6499
6764
6767
7323
8293
8316
8422
9311
10424
2374
4789
7086
10080
319
3129
3944
5057
5212
1812
4798
6061
6127
7951
555
2100
3465
4460
6445
7515
10361
1531
3212
3216
7424
8960
9068
9636
2203
2566
4804
5901
6117
186
1137
9138
3292
4759
5975
9276
11154
2846
4560
5201
6183
6585
7164
7830
574
2199
2672
6858
8553
10666
1492
3598
5888
7721
116
1114
1307
1569
1662
1691
1799
2097
2251
2262
2352
2460
2936
3404
3433
3445
3470
5209
5337
5877
5948
6243
6250
6341
7185
7330
7423
7685
7725
7852
8416
8563
8641
8712
8725
9199
9203
9326
9403
10410
10414
10828
669
896
3851
6204
10450
11105
969
1209
5464
7389
7996
9160
1456
2407
2815
3525
4581
6569
8309
9812
10335
1004
1619
4682
6702
8444
9177
10097
10994
687
1514
2906
2957
6688
10202
2602
5689
8429
10922
1198
1571
2107
10586
316
1301
1838
2210
2447
3034
5472
5509
5606
6205
6402
7833
8016
8241
8449
8453
8605
8733
8806
9852
9950
10587
10726
10851
11031
175
1232
1242
2854
2997
4948
8604
9960
375
1641
2131
6483
9005
9582
512
735
1108
1682
1970
2108
3039
6200
6515
6567
6581
6758
7530
8040
10461
364
846
1296
1468
1937
2259
2467
2568
2720
2757
2780
3026
3360
3933
4534
4696
4823
5164
6065
6876
6898
6950
7334
7787
7891
8312
8848
9017
9261
9514
9605
9718
10246
10606
1233
1353
1969
3092
7156
8270
10006
153
2611
3892
4219
5480
6265
6422
6629
8076
9538
9550
11163
3
725
970
1474
1639
1671
1920
3209
4202
5341
7659
17
1248
1470
1877
2258
2512
2540
2622
2667
5446
5497
7178
8186
10585
10605
10652
10725
6028
7206
7400
8184
9215
9433
1188
1334
2281
3898
5593
7710
8402
8743
8912
124
368
706
1277
1434
1897
2122
3152
3192
4126
4362
4643
5456
6242
6843
6884
6888
7143
7568
8136
8252
8701
9319
9853
10148
10770
10917
1781
1820
1829
1847
5374
6215
6661
6680
6973
7658
8103
8949
9272
9641
1133
2106
2574
2732
2822
5184
6269
6606
7388
8401
2702
5779
7032
7439
9573
134
756
1460
2663
3164
4432
4483
4937
5616
6150
7617
7796
8406
8433
8497
9174
9872
9953
10206
10829
10999
11089
1010
1835
1984
2260
3274
3800
3873
5384
5483
6568
9400
10614
10617
638
709
946
1033
1377
1602
1736
2096
2177
2250
2384
2585
2615
2845
3161
3187
3374
3391
3469
3863
4165
5475
5941
6360
6706
7038
7318
7844
7954
7993
8029
8180
8292
8301
9482
9867
10493
10814
10840
879
1204
1570
1651
2113
2133
2155
2765
3233
3392
3459
4570
4603
4604
5827
6521
6571
6597
6692
7316
8826
9293
9750
10073
10831
463
1642
1782
1988
2187
5026
5952
7593
8396
8757
9356
9486
509
541
1105
1408
3739
3814
3978
4291
4326
5463
5860
6181
6366
6892
7215
7225
7399
7980
8144
8260
10098
10510
10575
10583
11193
1808
3854
4289
4430
4924
9466
986
1132
1536
1895
2411
4075
4349
5345
7055
