0.999821508257
0.999643032446
0.999464572567
0.999286128622
0.999107700608
0.998750892379
0.998572512163
0.998037483043
0.997680866004
0.997502581383
0.997324312694
0.997146059939
0.996967823115
0.996789602224
0.996611397266
0.99643320824
0.995898736757
0.995720611461
0.995186347101
0.995008285535
0.994830239901
0.994296198596
0.994118216692
0.993584382509
0.993406464336
0.992872821343
0.992694966899
0.992517128388
0.99233930581
0.992161499164
0.99198370845
0.991805933669
0.991450431904
0.991272704921
0.990917298751
0.990739619565
0.990561956312
0.99038430899
0.990206677602
0.990029062146
0.989851462622
0.989673879031
0.989318759646
0.989141223853
0.988786200063
0.988608712067
0.988431240003
0.988253783872
0.988076343673
0.987721511074
0.987544118672
0.987366742204
0.987189381668
0.986834708393
0.986480098848
0.986302817974
0.986125553033
0.985771070948
0.985593853804
0.985416652593
0.985239467314
0.985062297968
0.984885144554
0.984708007073
0.984353779908
0.983822574587
0.983291496725
0.983114502637
0.982760562256
0.982583615965
0.982406685606
0.98222977118
0.981699123496
0.980815045272
0.980638274238
0.980461519137
0.980284779968
0.979754673989
0.97957799855
0.979401339043
0.979224695469
0.979048067828
0.978871456119
0.978694860343
0.978518280499
0.978341716587
0.978165168608
0.977812120448
0.977635620267
0.977459136018
0.977282667701
0.976753374279
0.976576969693
0.976400581039
0.975871510672
0.975695185748
0.975518876757
0.975342583698
0.975166306571
0.974813800115
0.97446135739
0.974285159926
0.973756679061
0.973580545327
0.973404427526
0.973228325657
0.97305223972
0.972876169716
0.972524077505
0.972172049025
0.971996058683
0.971644125797
0.971468183253
0.971292256642
0.971116345963
0.970940451216
0.970764572402
0.970237047487
0.970061232403
0.969709650032
0.969533882745
0.969358131391
0.969182395969
0.96900667648
0.968830972924
0.968479613608
0.968303957848
0.968128318022
0.967952694128
0.967777086166
0.967601494137
0.96742591804
0.967074813644
0.966899285345
0.966723772978
0.966548276544
0.966021882836
0.965846450132
0.965320247614
0.964969525598
0.964443562067
0.964268272756
0.964092999376
0.962866579628
0.962691433709
0.962516303722
0.961815959032
0.960940914533
0.960765943871
0.960590989142
0.960066236481
0.959891345481
0.959716470414
0.95954161128
0.959366768078
0.958842334067
0.958667554595
0.958492791056
0.958318043449
0.958143311774
0.957968596032
0.957619212346
0.957444544401
0.95709525631
0.956920636163
0.956746031948
0.956571443666
0.956396871317
0.9562223149
0.956047774415
0.955349787735
0.954826468998
0.954652055974
0.954477658882
0.954303277722
0.954128912495
0.953780229838
0.953257325347
0.953083055715
0.95203793183
0.951863773725
0.951689631553
0.951515505313
0.951167300631
0.950993222189
0.950819159679
0.950471082458
0.950297067745
0.950123068966
0.949775119204
0.949601168222
0.949427233172
0.949253314055
0.94907941087
0.948905523618
0.948557796911
0.948383957456
0.947341414635
0.946993974713
0.94682027865
0.93903551812
0.939034833023
0.939034163858
0.939033510626
0.939032873326
0.939032251959
0.939031646524
0.939031057022
0.939030483452
0.939029925814
0.93902938411
0.939028858337
0.939028348497
0.93902785459
0.939027376615
0.939026914573
0.939026468463
0.939026038286
0.939025624041
0.939025225728
0.939024843349
0.939024476901
0.939024126386
0.939023791804
0.939023473154
0.939023170437
0.939022883652
0.939022612799
0.939022357879
0.939022118892
0.939021895837
0.939021688714
0.939021497525
0.939021322267
0.939021162942
0.93902101955
0.93902089209
0.939020780562
0.939020684967
0.939020605305
0.939020541575
0.939020493777
0.939020461912
0.93902044598
0.93902044598
0.938847482812
0.937982905962
0.93781003839
0.93763718675
0.937464351042
0.937118727424
0.936945939514
0.936773167537
0.936427671379
0.936254947199
0.936082238951
0.935909546636
0.935736870254
0.935564209804
0.935046324048
0.934528597618
0.933838513455
0.933666028262
0.933493559002
0.933321105674
0.933148668279
0.932803841286
0.932631451689
0.931942068555
0.93176975862
0.931425186547
0.931252924409
0.931080678204
0.930736233591
0.930564035184
0.930391852708
0.930219686166
0.929875400877
0.929703282132
0.929531179319
0.929359092439
0.929014966476
0.928842927393
0.928670904243
0.928498897025
0.92832690574
0.927982970967
0.927811027479
0.92712346065
0.926951596825
0.926779748932
0.926607916972
0.926436100944
0.926092516685
0.925920748455
0.925748996157
0.925405539359
0.924032684048
0.9236895459
0.923518000724
0.923346471481
0.923174958171
0.922831979347
0.922660513834
0.922317630606
0.921974811108
0.921460701354
0.921289363301
0.92111804118
0.920946734992
0.920775444736
0.920604170413
0.920432912023
0.91940574406
0.9188923672
0.918379133734
0.918208082466
0.91803704713
0.917866027727
0.917695024256
0.917524036718
0.917182109439
0.916840245891
0.916327585994
0.915644257209
0.91547346086
0.915302680445
0.915131915962
0.914449033286
0.914278348466
0.914107679577
0.913937026622
0.913766389598
0.913595768508
0.913425163349
0.913254574124
0.913084000831
0.91291344347
0.912742902042
0.912572376546
0.912231373352
0.911549558154
0.911379144185
0.91120874615
0.911038364046
0.910697647637
0.910527313331
0.910356994958
0.910186692517
0.910016406009
0.90967588079
0.909505642079
0.908995021541
0.90882484656
0.908314433145
0.908144321895
0.907464052148
0.906954005181
0.90678402139
0.906614053531
0.906444101605
0.905934357355
0.905764469159
0.905594596896
0.905424740565
0.905254900166
0.9050850757
0.904915267167
0.904745474566
0.904575697897
0.904066479419
0.90338772326
0.903218074052
0.902878823432
0.902539636543
0.902370066997
0.902200513383
0.902030975702
0.901861453954
0.901522458254
0.901352984303
0.901183526284
0.901014084198
0.900844658045
0.900675247824
0.900167112755
0.899997766264
0.899489822386
0.899320539625
0.898812786936
0.898643567905
0.898474364806
0.89830517764
0.898136006407
0.897966851105
0.896952269813
0.89678322604
0.89644518629
0.896276190314
0.895938246159
0.893406620474
0.892900540698
0.892731879304
0.892563233843
0.892394604314
0.892225990718
0.891888811322
0.891720245524
0.891551695657
0.890540890366
0.890372452028
0.890204029621
0.889867232606
0.889530499321
0.889362156577
0.888688944926
0.888016004128
0.887847804776
0.887511453871
0.887343302317
0.887175166695
0.88683894325
0.886670855426
0.886502783534
0.886334727575
0.885998663455
0.885830655293
0.885326742336
0.885158797905
0.880301362509
0.880300518086
0.879965601106
0.879798166514
0.877456997877
0.877456599564
0.877456217185
0.877455850737
0.877455500222
0.877121124946
0.877120790364
0.877120471714
0.877120168997
0.877119882212
0.877119611359
0.877119356439
0.877119117452
0.877118894397
0.877118687275
0.877118496085
0.877118320827
0.877118161502
0.87711801811
0.87711789065
0.877117779122
0.877117683527
0.876950519788
0.876950440126
0.876950376396
0.876950328598
0.876950296733
0.876950280801
0.876950280801
0.876783132994
0.87661600112
0.876448885178
0.876281785168
0.875947632947
0.875780580736
0.875613544456
0.875279519695
0.875112531213
0.874945558664
0.874778602047
0.874611661363
0.874444736611
0.874277827792
0.874110934905
0.87394405795
0.873109928099
0.872943146739
0.872609631818
0.872442898256
0.872276180627
0.871776123333
0.871609469434
0.871276209432
0.871109603331
0.870943013161
0.865793551061
0.865129325338
0.864631323336
0.864630861294
0.864464892492
0.864298939622
0.864298493512
0.86429764909
0.863965791148
0.863799886076
0.863633996937
0.863468123729
0.863302266455
0.863301868142
0.863301485762
0.863301119315
0.8633007688
0.863300434218
0.863300115568
0.863299812851
0.863299526066
0.863299255213
0.863299000293
0.863298761306
0.863132919964
0.863132696909
0.863132489786
0.863132298596
0.863132123339
0.863131964014
0.863131820621
0.863131693162
0.863131581634
0.863131486039
0.86263407354
0.862633993878
0.862468216265
0.862468152535
0.862468104738
0.862468072873
0.86246805694
0.86246805694
0.861805121749
0.861639423799
0.861308075697
0.861142425545
0.860976791325
0.860480000194
0.860314429704
0.853552184849
0.853551563481
0.853550958046
0.853550368544
0.853549794974
0.853549237337
0.853548695632
0.85354816986
0.85354766002
0.853547166113
0.853546688138
0.853546226095
0.853545779985
0.853215993268
0.853215563091
0.852391422913
0.852391008668
0.852226218871
0.852225820559
0.852225438179
0.852225071731
0.852224721216
0.852224386634
0.852059612769
0.852059294119
0.852058991402
0.851564765402
0.851564478617
0.851564207764
0.851563952844
0.851563713857
0.851563490802
0.85156328368
0.851398573545
0.851233879342
0.851233688152
0.851233512895
0.85123335357
0.851233210177
0.85090386957
0.85090374211
0.850903630582
0.850574353705
0.85057425811
0.850574178447
0.850574114717
0.85057406692
0.850574035055
0.850574019122
0.850574019122
0.850409404582
0.850244805975
0.8500802233
0.849915656557
0.849751105747
0.849586570869
0.849257548912
0.849093061832
0.848928590684
0.848764135469
0.848599696186
0.848435272836
0.848270865419
0.848106473934
0.847942098381
0.847777738761
0.847613395073
0.847449067318
0.847284755495
0.847120459605
0.846956179648
0.846791915622
0.84662766753
0.84646343537
0.846135018847
0.845970834484
0.845806666054
0.845642513556
0.845478376991
0.845314256358
0.845150151658
0.84498606289
0.844821990055
0.844657933153
0.844165858039
0.844001864867
0.843837887626
0.843673926319
0.843346051501
0.842854358767
0.842690493055
0.842526643274
0.842362809427
0.841543895108
0.841380156855
0.841216434534
0.841052728147
0.840725363168
0.840561704578
0.84039806192
0.840234435195
0.839907229542
0.839743650614
0.839580087618
0.839253009425
0.839089494227
0.838925994962
0.838762511629
0.838599044229
0.838435592761
0.838272157225
0.838108737622
0.837945333952
0.837781946214
0.837618574409
0.837455218536
0.836638773754
0.836475513476
0.83631226913
0.836149040717
0.835985828237
0.835659451073
0.83549628639
0.83533313764
0.835170004822
0.835006887936
0.834843786983
0.834680701963
0.834517632875
0.834354579719
0.833702526422
0.833539552929
0.833376595368
0.83321365374
0.832887818282
0.832562046553
0.832236338555
0.826232273347
0.826070032748
0.825907808082
0.825745599349
0.825745041712
0.825744500007
0.825743974235
0.825743464395
0.825742970487
0.825742492513
0.82574203047
0.825579837669
0.82557939156
0.825578961382
0.825578547137
0.825578148825
0.825577766445
0.825577399998
0.825577049483
0.8255767149
0.825576396251
0.825576093533
0.825575806748
0.825575535896
0.82492693995
0.82492668503
0.824926446043
0.824926222988
0.824926015865
0.824925824675
0.824763711537
0.824601614331
0.824601439074
0.824601279749
0.824601136356
0.824601008897
0.824600897369
0.824438816096
0.824114701347
0.824114605752
0.824114526089
0.824114462359
0.824114414562
0.824114382697
0.824114366764
0.824114366764
0.823952333288
0.823790315745
0.823628314134
0.823466328456
0.823142404897
0.822980467016
0.822818545067
0.822494748968
0.821847363892
0.821685553471
0.821523758983
0.820715057393
0.819745262345
0.819583659047
0.819422071681
0.819098944746
0.818614373838
0.818452882067
0.818291406229
0.818129946323
0.817968502349
0.817161617064
0.814744514155
0.814422311305
0.814261233779
0.814100172186
0.813617083
0.812490591862
0.812329705525
0.812168835122
0.812007980651
0.811847142112
0.811364738023
0.810882477327
0.810561039237
0.810400344091
0.80991837018
0.80959712328
0.809436523728
0.80927594011
0.809115372423
0.80895482067
0.808794284848
0.808633764959
0.808152300888
0.808152093766
0.808151902576
0.807991446417
0.807991271159
0.807830830933
0.807830671608
0.807830528216
0.807670103922
0.807509695561
0.807509568101
0.807509456573
0.807349064144
0.807348968549
0.807188592053
0.807188512391
0.806867807195
0.806867743465
0.806867695668
0.806547054203
0.806386757369
0.806386725504
0.806386709571
0.806386709571
0.80622642867
0.806066163701
0.805905914665
0.805745681561
0.805585464389
0.805425263151
0.802864879313
0.801426525514
0.80126673852
0.801106967459
0.800787473133
0.800627749869
0.800468042537
0.800308351138
0.799669744867
0.798712361233
0.798552845091
0.798393344882
0.798233860605
0.793621769702
0.793462763401
0.793461918978
0.793302928609
0.793143954172
0.792826053096
0.792667126457
0.79250821575
0.792507435058
0.792348540284
0.791871967488
0.791871601041
0.791871250526
0.791870915944
0.791870597294
0.791552951138
0.79155264842
0.791552361635
0.791552090783
0.791393291604
0.791393036684
0.791392797696
0.791392574641
0.791392367519
0.791392176329
0.791392001072
0.791391841747
0.791391698354
0.791232915107
0.791232787647
0.79123267612
0.791232580525
0.791232500863
0.791232437133
0.791232389335
0.791073622021
0.79075613519
0.790756103325
0.790755832472
0.79075581654
0.790597097023
0.789962426078
0.789962426078
0.789803786224
0.789645162302
0.789486554312
0.789327962255
0.789169386131
0.789010825939
0.788535240959
0.788376744497
0.784103521833
0.784103458103
0.783945407751
0.783945359954
0.783787325534
0.783471304493
0.783471272628
0.783313286006
0.783155315316
0.783155299384
0.782839405802
0.782839405802
0.78268148291
0.78252357595
0.782365684923
0.782207809829
0.782049950667
0.781892107437
0.78173428014
0.781418673343
0.781260893844
0.781103130276
0.779526705475
0.779369117165
0.779211544788
0.779053988343
0.778896447831
0.77826646104
0.77810900019
0.777951555273
0.777794126288
0.776221286298
0.775906794776
0.775749572913
0.774649704975
0.774492610572
0.774335532103
0.774178469565
0.773864392288
0.773707377548
0.773550378741
0.773550060091
0.773393077216
0.772765305042
0.7719810439
0.771510621047
0.769160848863
0.768534797398
0.76853455841
0.768378085375
0.768221628273
0.767908761865
0.767595959188
0.767439581748
0.76728322024
0.767126874665
0.766970545023
0.766970449428
0.766970369765
0.766970290103
0.766970226373
0.766970178575
0.76697014671
0.766344987465
0.766188737485
0.76572008314
0.764159511171
0.764159447441
0.764159399643
0.764159367778
0.764159351846
0.764159335913
0.764003308988
0.763847297995
0.763847297995
0.763535323808
0.762755714954
0.762132276418
0.762132276418
0.761976456616
0.761820652745
0.761664864808
0.761509092802
0.76135333673
0.760263649655
0.760108021043
0.759952408362
0.759796811614
0.759485665916
0.759174583948
0.759019066863
0.757309892512
0.757154566616
0.756999256653
0.756533438292
0.756378192059
0.755912548956
0.755757366453
0.755602199882
0.755447049244
0.755291914539
0.755136795766
0.754981692926
0.754671535042
0.747110546407
0.745260544731
0.744952394342
0.744798343046
0.744490288252
0.7418763075
0.741722574854
0.741722335867
0.741722112812
0.740339682071
0.740339474949
0.740339283759
0.740339108502
0.740338949177
0.740338805784
0.740338678324
0.740338566797
0.740338471202
0.740338391539
0.740338327809
0.7400311971
0.740031149303
0.740031117438
0.739724050458
0.739570540867
0.739570524935
0.739263553551
0.739110091757
0.739110091757
0.738956645896
0.738189703376
0.73803635311
0.737269936363
0.736657013274
0.736197488248
0.736044345105
0.735891217894
0.735891106366
0.735584899742
0.735278756847
0.735125709299
0.734972677683
0.734971928855
0.734971195961
0.734818180277
0.734817463315
0.734816762285
0.730848726567
0.730848041469
0.730847372305
0.730846719072
0.730846081772
0.730845460405
0.73084485497
0.730844265468
0.730843691898
0.730843134261
0.730842592556
0.730842066784
0.730841556944
0.730841063037
0.73068847753
0.730687999555
0.729925406607
0.729924944565
0.729924498455
0.729924068277
0.729161873641
0.729161459396
0.729161061084
0.729160678704
0.729160312257
0.729159961742
0.729159627159
0.729159308509
0.729159005792
0.729006595543
0.729006308758
0.729005782986
0.72885338867
0.728548647835
0.728548408847
0.728396062328
0.728395839274
0.7276343616
0.727634154477
0.727633963287
0.72763378803
0.727481537106
0.727481377781
0.727481234389
0.727481106929
0.727480995401
0.72732876041
0.727176541351
0.727024338225
0.72702424263
0.727024162967
0.727024099237
0.726871912043
0.726871864246
0.726871832381
0.724744127314
0.724744111382
0.724744111382
0.72398462527
0.723832756726
0.723377262621
0.723073668926
0.722618397877
0.722466672725
0.722314963506
0.72216327022
0.722011592866
0.721859931444
0.721708285955
0.721556656399
0.721405042775
0.720041571704
0.719435866035
0.719284475466
0.719133100829
0.719132909639
0.719132734382
0.719132575057
0.718981216353
0.718829873581
0.718224677753
0.71822453436
0.7182244069
0.718224295373
0.718224199778
0.718224120115
0.718224056385
0.717770314855
0.717619099544
0.717619051746
0.717619019881
0.717316637056
0.717316621123
0.717165453609
0.717014302027
0.717014302027
0.710843232405
0.710090979646
0.709940576891
0.709339141131
0.708737992156
0.708587732795
0.708437489365
0.708287261868
0.708137050304
0.707986854672
0.707836674972
0.706186466786
0.706036478276
0.705886505699
0.701550254085
