5496
2586
4603
1605
5280
7527
1782
3296
7847
9528
10191
3007
10731
2011
4785
6055
7179
10548
3917
3017
10637
8341
3287
10640
9914
10276
7411
2208
2225
1293
9400
1075
6872
10475
2288
3572
9788
816
2339
4285
6715
2290
2586
5039
7741
5846
9946
4571
6343
10335
8167
4763
1746
2194
2208
5039
6455
2253
10581
5502
8306
7116
4279
8655
5451
7717
3210
963
10668
3080
4519
5643
5158
10547
10857
10284
587
2622
5137
5984
10305
1613
2092
7208
2339
4535
10971
5563
8251
8028
8428
5586
1075
2884
1639
1677
6948
7437
3697
8998
6569
1052
6715
1524
2904
8572
10746
7840
6680
937
10776
3430
6569
10581
10582
8998
556
6889
9946
5068
1416
8934
7400
7886
10575
1075
1524
4667
3572
1964
8998
10615
2389
10450
2904
506
816
4276
6715
3288
1819
5601
1188
4153
3080
8264
6278
7208
1246
7919
8998
8998
3012
2786
6641
3258
6894
10305
650
4535
10615
9217
8650
5683
1061
7482
2253
3917
11111
4326
4900
3644
1232
4419
9146
4148
8041
9605
3958
8793
10076
3825
9313
1411
9946
2618
6556
3850
4798
5242
4572
3283
972
5161
1820
355
153
10581
3944
5829
3274
2195
4691
8998
1184
6369
7214
9104
10795
3410
446
9665
8435
6086
1642
731
4789
783
8998
3585
4421
7857
2253
9407
1075
6569
4688
3311
25
4310
2514
2288
3292
8430
6592
5876
1075
279
9605
5831
5757
981
5242
1608
9665
11084
8979
1198
2595
3572
6582
9946
541
6265
9260
3854
3260
9910
7037
9003
5715
8998
8065
1087
2972
2771
2618
2648
9633
8998
5722
10314
4641
11021
1090
810
5
6469
8145
7808
2240
1782
4360
10466
1197
8708
4792
6688
940
9306
5282
7399
915
8998
8397
2514
3627
10466
4448
856
9725
8251
8841
3462
10571
5359
6131
6265
7741
7709
5593
3465
7140
6499
3572
591
1348
1153
10677
8403
831
5901
6569
8998
5023
11087
3928
816
4785
8998
8682
4614
10670
10732
1016
4860
9946
10977
2855
1724
6466
8998
10873
8998
783
6768
4596
4596
621
319
3796
3572
533
1075
4530
2785
9605
3406
7886
3475
1642
6622
2803
1116
8248
1855
3709
9718
9672
3714
2333
9605
2957
10344
758
5715
8341
8208
9816
1275
150
46
4614
8998
2545
1075
4011
1577
9945
8628
2290
3143
7140
1467
8657
8998
9651
9718
9355
3800
10572
541
2201
9665
8590
10746
2457
2105
8138
1430
8998
6964
10088
9583
6963
10582
4488
7410
1424
9716
6274
9665
9146
816
917
1283
9756
8773
6592
3498
10305
6606
10913
816
6675
2785
7129
11094
970
4614
3405
1075
7140
5624
2653
7212
3825
10076
8934
1187
204
4816
6404
7090
2856
3283
11199
1352
10483
10305
2253
3292
4360
5127
8429
8954
1667
8998
542
5890
10471
6644
7595
1187
2339
5242
3461
8131
10012
3405
3405
2339
6768
6343
1485
1215
8256
3444
6809
4395
5721
1789
1608
2253
5242
10305
3697
1215
900
1075
8103
4008
6747
876
9943
10677
2622
1075
3016
2912
8854
9543
1635
146
221
6455
9788
8167
5585
4614
213
1344
4667
2208
2457
4419
5890
3292
9069
8726
7348
2332
10582
2253
4641
7482
5242
2904
4426
4519
10918
2818
7857
3292
8028
919
9214
4076
915
5473
6315
9812
3917
46
2339
6958
8655
2208
8854
9006
8998
5844
4763
9400
3714
8998
7972
8871
8028
8264
2856
6269
1873
5690
1848
1075
8710
2075
3598
11061
117
144
2411
816
2906
4977
8
7482
5715
9471
3427
8028
2803
6265
9856
10305
1012
3163
1075
10893
5721
2833
5138
2253
4008
8607
2333
7934
6569
1075
963
4279
10614
8998
6680
2894
3465
4581
2329
8572
4793
8998
4239
2765
11087
8444
10614
8327
4238
9528
8429
8145
1764
10873
8251
2839
5715
3479
7830
9718
5446
2551
5689
3405
5463
4887
9665
2514
9550
8854
4667
2411
8749
7479
9946
9184
2836
2507
3431
10582
558
2253
8998
783
6964
4748
5582
9217
8341
4216
4740
10890
6687
4614
6182
3825
8998
3192
10582
2249
9779
5722
3182
6398
612
8911
10659
8854
1733
10876
9175
2629
2904
10466
8345
2521
7172
2622
6569
9119
9175
5518
5715
3465
6265
2702
8145
6569
5846
276
2103
917
10823
2622
9984
3741
3217
9414
506
2283
4614
4103
1075
9714
7568
4621
1334
10661
8694
2514
2595
3697
10776
10202
7370
3700
9283
3917
2253
8857
169
3917
9991
8251
6095
3465
7568
9141
4934
4220
4691
5704
8998
993
8264
6200
2026
8341
7071
8341
6355
2253
10597
8998
5715
8769
9860
6224
10022
9260
5847
4900
2253
6416
1075
2436
9668
2904
10581
1334
4069
6172
3497
9160
1289
8345
8998
5162
6198
6065
3292
1094
10305
6265
11128
1841
1486
5593
3311
10661
6499
9451
2819
5472
1171
9605
1794
9946
8127
328
5468
5727
7892
2363
8256
9121
2214
3475
10461
6207
10893
6270
5115
2730
8167
6792
5963
10648
6687
5249
5465
5621
8998
11104
10564
10519
9190
10226
8167
7857
7648
3292
10430
6943
4924
804
1075
2253
7773
11111
1075
1103
4997
8998
2346
1188
4109
2278
11171
5844
4878
9389
5587
8998
8792
3538
3917
1075
6269
9950
2618
1414
4008
8998
3406
7601
10374
2339
6785
1964
3292
10572
8655
8235
7559
6172
3153
8391
10582
1075
8998
3765
2253
4011
3910
7163
7411
5467
4279
6533
3373
1602
7164
8733
835
612
5177
3475
8657
8998
1075
5612
7231
5901
1075
783
153
6606
6097
3382
7994
8998
10391
10721
815
2732
1075
2495
8076
10509
5280
2363
4989
4667
1187
4149
3163
5117
3498
11158
4558
9927
2803
5490
2849
8432
9812
4997
8327
4792
10564
8248
3825
499
2847
8773
635
10103
4878
2045
4720
512
1602
10103
1733
10868
2618
467
2339
6945
8391
3612
8733
25
2007
5689
10517
783
729
1829
6311
8733
10191
10647
9672
731
5748
923
1075
5241
2904
4501
7659
9021
10451
4004
809
834
915
3575
4748
1334
2058
6744
4807
2253
671
5026
1238
3113
8749
2314
8
1486
9528
3088
3855
2980
11072
2199
6343
8657
10033
5472
7143
6065
816
3405
4957
9946
5827
1724
6745
4541
389
963
5963
5827
1601
254
2904
6402
1379
8998
11105
314
6944
10661
5727
936
591
7658
10661
5586
4539
10473
993
6105
6974
10103
10582
3444
10581
8733
2771
8167
6700
9945
6499
1075
4257
4279
3582
2849
9049
2094
5981
4581
8998
8831
574
753
7527
2803
8341
10582
8628
9651
8998
169
82
4421
10450
11134
840
11028
2092
8479
5451
9605
3607
4060
5115
711
5094
8998
4717
8998
1153
3465
1147
8773
8965
8306
3671
2329
1524
8998
2786
921
