6919
1964
3844
4116
7855
8072
9394
4793
5122
7471
11035
7817
6632
3182
6753
10876
2299
5099
2999
2179
6900
5347
6203
2775
3360
3933
1724
5825
3002
512
3270
10536
1857
8577
6027
3122
6816
3939
585
912
2376
3306
6478
2328
1421
1548
1350
3917
4375
9470
1925
10306
6790
860
4912
6896
5244
5271
5429
2325
5408
7560
329
2974
2085
10795
3740
414
314
7921
1301
6204
7771
2439
8163
9486
4305
1649
4301
7083
1213
5963
9011
3822
4454
1174
9850
294
1060
661
3617
1289
2423
1152
8556
5069
8743
8251
4635
1819
10180
6704
1375
218
10527
845
8472
4896
8933
7455
1457
7293
6009
607
9881
5000
9454
7741
7587
8912
7456
7073
8214
2000
9326
3470
704
10724
4215
8270
10956
10582
7446
7585
3144
3297
9915
2960
7903
5723
6186
8291
9285
4763
8667
7373
8722
6151
562
770
11006
7572
787
7207
5148
3865
3054
1024
6629
2037
9205
7037
3324
304
2411
9028
11066
9310
8562
2413
1557
6792
7032
4253
7067
1275
1473
2906
6441
7530
8422
4747
2536
10597
6586
7057
365
364
7528
5844
8701
4661
5815
7601
3544
8242
575
6005
1840
5419
1381
595
3315
2654
4361
9138
483
4058
7018
10642
7132
1171
8307
5834
4387
7554
10001
2961
5323
921
7625
8665
4583
7300
5475
463
10535
937
9390
5722
7403
1722
8055
4704
756
4559
8010
2225
9546
7210
2902
3288
9516
9945
4963
6160
2212
10617
8510
4008
3662
807
2521
5625
4282
5424
7010
10912
4952
5467
7687
8699
5462
4155
4309
2223
3311
2706
677
1733
1610
4029
7475
6744
10732
8572
1340
6405
4356
11028
9901
1978
1691
1114
9858
1042
7546
2730
8140
2593
11146
6436
6714
10153
7398
8145
6967
1744
7616
2517
3778
6960
8938
2693
4339
5376
8179
9174
8522
328
7950
144
545
10823
1400
2787
4577
7994
3632
10778
7831
10463
5558
4404
3460
5158
4824
5621
6471
10721
49
8657
2182
2853
10743
7840
11117
1642
3340
2363
3079
1232
5485
5062
1431
3424
9941
2583
2601
997
1043
1044
7265
8303
3973
5856
7737
1544
11200
4900
1598
1147
4041
9197
11036
7712
1703
11082
6895
4396
3130
10990
2667
4982
4845
7143
2552
8605
2171
2482
96
7590
2065
2123
9866
6791
1780
5755
2320
4596
10756
5132
2507
7827
2205
3465
10989
11107
7671
8369
4660
446
2651
3953
1256
2927
2930
4015
8416
1492
379
5544
2366
3342
9505
8921
9954
4060
7474
7349
5574
2634
9778
6944
10295
394
3600
7514
5802
6936
4913
970
835
4090
6352
8726
7610
1742
244
10097
350
5885
839
3938
8769
3001
8715
8094
10667
2422
8965
5084
10178
2429
3217
10935
521
3655
1320
9795
7740
8278
7995
10867
5380
10899
2365
8641
10410
7278
6812
824
9512
8987
9821
5393
9730
10502
1258
1798
4431
5798
8402
4005
6158
3365
3138
5395
6627
18
1824
4764
5037
8898
11128
5941
10493
7000
4872
10715
3625
6659
4582
2582
8470
1334
2586
6998
1915
5179
6265
2679
9764
20
6390
5968
4235
4798
9657
1588
5624
6011
711
4142
10830
5657
2461
6957
2326
10745
3216
6295
960
7510
514
10612
7764
8772
4209
4256
10305
7798
669
4783
8650
1264
2847
6512
1374
6716
5979
2500
5740
7751
2943
6656
8264
6225
9528
1371
5490
1262
6940
7942
2477
11163
9261
3568
9265
9747
1103
6857
5870
7244
2979
7061
2594
657
5242
747
1667
5751
3169
895
8033
4869
5497
1012
10485
6705
6343
10043
5910
8683
10067
6297
9366
5736
3044
1640
5684
4245
3373
5193
2458
4796
8973
10555
7998
7461
5715
9889
7342
1299
9669
8687
8137
5043
5016
2144
3410
3832
6068
2400
1240
1173
9568
2512
9718
947
10377
8889
5326
7589
3247
229
9510
2075
5188
9329
641
6945
4450
3174
11178
1835
5070
9217
4353
9225
6312
6000
3530
2148
2040
1683
8704
10337
5053
6965
5882
7095
11084
5060
9069
1558
7351
7002
6246
829
8438
1862
6315
2115
3165
9756
11090
5035
5147
10331
5699
8312
1551
4146
9952
9188
7745
1511
2524
7103
6256
6302
5138
7425
646
256
2970
9868
5372
10074
8411
5124
4656
8513
7428
10750
8834
9081
9
8425
3109
1802
4692
2770
7343
3651
9946
1993
5353
5381
3107
8265
392
5083
6488
8220
2540
2095
9665
9846
1223
1080
5464
10599
9770
6868
1446
1233
7695
9249
7557
3474
8471
1167
3826
6621
6389
3189
5197
8863
8193
7358
8217
10077
4249
2976
936
6542
832
9572
145
4945
5563
11118
8442
4614
9391
6053
1382
3760
3461
2165
8764
1051
1293
307
1981
1972
7593
1308
7345
8548
2080
3581
3406
6661
5295
10538
1784
8703
412
8403
6648
6698
6844
7746
2312
6988
3854
1934
9518
6630
9208
7658
9791
7194
4985
11042
8006
9303
6163
1702
5240
9660
6499
2164
2884
3653
3427
8597
6055
4129
2407
5027
8899
8557
3574
8730
11034
11052
4482
2001
5384
2520
3841
8733
10805
2917
2096
9867
8333
5392
9015
5845
9246
10584
8669
7012
7479
9318
4176
8670
10839
3444
6074
8090
187
5721
2021
3065
2677
425
7598
6056
5091
7231
1861
3037
617
6809
1087
10151
10253
2563
5868
2912
8790
8171
9689
10657
9160
9840
10939
10490
4610
6491
774
6974
5024
702
2714
2389
6144
4981
107
7370
6862
7515
7633
1825
5883
7892
8992
6777
3050
1706
1696
11079
430
1396
7666
8770
4415
2674
10115
1026
6612
1162
4717
10705
9735
1238
6786
5289
4622
1841
7761
40
2286
7261
3185
10635
7925
3153
4667
5804
6901
8936
5623
5677
2820
844
2087
1414
719
7620
11031
5502
1437
7350
1311
6200
2797
211
2666
9857
10281
168
7129
6092
8327
9700
11173
8236
10972
5195
6686
7818
5858
261
7965
163
3527
7360
10387
7792
2887
7491
4393
9402
10926
7952
810
3535
3894
9938
4166
2274
7364
2073
6909
5738
3642
9905
6925
7971
7909
1231
10212
4401
5285
7112
9706
10792
7380
6355
134
2663
746
909
205
7948
3089
10256
496
5496
10155
443
5218
4281
9765
2237
6688
7467
9229
10845
10576
6219
722
7288
3857
8686
9816
891
4571
46
3464
9073
7323
4471
5678
2167
780
3646
694
10052
4695
5495
5191
552
8015
9688
3204
3208
4853
666
2127
6811
1735
2410
3394
4094
6049
6006
5386
9300
1480
8357
7354
10482
1982
710
10335
1877
3558
4336
8359
3531
10919
11106
2331
5374
3969
1057
8298
7667
10236
3950
9714
5364
2221
5526
8043
2409
6935
7595
5592
5177
1769
8615
557
10652
9382
10937
2584
10032
5219
6757
6061
6080
1493
8998
8254
4706
6331
8745
7742
11081
7538
9149
