0.999821508257
0.999286128622
0.999107700608
0.998929288527
0.998750892379
0.998215799529
0.998037467111
0.996967823115
0.996789602224
0.99643320824
0.996255035146
0.996076877986
0.995898736757
0.995542502098
0.995364408667
0.994830223969
0.994652194268
0.994474180499
0.994296182663
0.993940234789
0.99376228475
0.993584350644
0.993406432471
0.99322853023
0.993050643921
0.992872773545
0.992694919102
0.992517080591
0.992339258012
0.991628127023
0.991450384107
0.991272657123
0.991094946072
0.990206661669
0.990029046213
0.98985144669
0.98949629544
0.989318743714
0.98914120792
0.988963688059
0.98878618413
0.988608696134
0.988431224071
0.98825376794
0.988076327741
0.987898903475
0.987721495141
0.98754410274
0.987366726271
0.987189365735
0.987012021131
0.98683469246
0.986657379721
0.986480082915
0.986302802042
0.9861255371
0.985948288092
0.985771055015
0.985239467314
0.984885144554
0.984708007073
0.984530885524
0.984353779908
0.984176690224
0.983822558654
0.983645516768
0.983468490814
0.983291480793
0.983114486704
0.982937508548
0.982583600033
0.982406669674
0.982229755248
0.981875974192
0.981699107564
0.981522256867
0.981345422103
0.981168603272
0.980991800373
0.980815013407
0.980638242373
0.980284748103
0.980108024866
0.979931317563
0.979754626191
0.979577950752
0.979401291246
0.979048020031
0.978871408322
0.978694812545
0.978518232701
0.977988604697
0.977812088583
0.977635588402
0.977459104153
0.977282635836
0.977106183452
0.976753326482
0.976576921895
0.975871462875
0.975695137951
0.975518828959
0.9753425359
0.975166258774
0.97498999758
0.974813752318
0.974637522989
0.974461309592
0.974285112128
0.974108930597
0.973932764998
0.973756615331
0.973580481597
0.973404363796
0.973228261927
0.97305217599
0.972876105986
0.971292368169
0.97111645749
0.970940562743
0.970764683929
0.970588821048
0.970412974098
0.970237143082
0.970061327998
0.969885528846
0.969709745627
0.96953397834
0.969358226986
0.969006772075
0.968831068519
0.968479709203
0.968304053443
0.967952789723
0.967777181761
0.967601589732
0.967426013635
0.967074909239
0.96689938094
0.966548372139
0.966372891637
0.965671144887
0.965495744048
0.965144990167
0.964618978839
0.964443673595
0.964268384283
0.964093110904
0.963917853457
0.963742611943
0.963567386361
0.963392176712
0.963216982995
0.96304180521
0.962866643358
0.962691497439
0.962516367452
0.962341253398
0.962166155276
0.961991073087
0.96181600683
0.961640956505
0.961465922114
0.961290903654
0.961115901127
0.960940914533
0.960765943871
0.960241143413
0.960066236481
0.95954161128
0.959366768078
0.95884235
0.958492806988
0.958318059381
0.958143327707
0.957269956119
0.95709532004
0.956920699893
0.956746095678
0.956571507396
0.956396935047
0.95622237863
0.956047838145
0.955873313593
0.955698804974
0.955349835532
0.95517537471
0.95500092982
0.954826500863
0.954652087839
0.953954642863
0.953780309501
0.953605992071
0.952212360787
0.952038186749
0.951689886473
0.951515760233
0.951341649926
0.951167555551
0.950471385175
0.949949404768
0.949601486871
0.949427551822
0.949253632704
0.94907972952
0.948905842268
0.948731970948
0.948210468516
0.948036660926
0.947862869269
0.947689093544
0.947341589892
0.947167861965
0.946820453908
0.946646773778
0.946473109581
0.946299461316
0.946125828984
0.945952212584
0.945431474912
0.945257922242
0.945084385505
0.9449108647
0.944737359827
0.944563870888
0.94439039788
0.944043499663
0.942829873709
0.942656560026
0.942483262277
0.942309980459
0.942136714574
0.941963464622
0.941790230602
0.941617012514
0.941443810359
0.94092429949
0.940751161065
0.940578038572
0.940404932012
0.940231841385
0.939885707927
0.939712665097
0.939366627235
0.939193632202
0.939020653102
0.938847689935
0.9386747427
0.938501811397
0.937983113085
0.937464574097
0.936946178502
0.935737348229
0.935737204836
0.935564544386
0.935391899868
0.935219271283
0.934874061911
0.934701481123
0.934528916268
0.934183834355
0.934011317297
0.933838816172
0.93366633098
0.933493861719
0.933321408392
0.932976549534
0.932804144004
0.932287023008
0.931770045405
0.931597751402
0.931425473332
0.931253211194
0.930736520376
0.930392139493
0.929015587843
0.928327527107
0.927467825601
0.92729592991
0.926780338434
0.926608506474
0.926436690446
0.926264890351
0.926093106188
0.925921337957
0.925577849294
0.925406128861
0.925234424361
0.925062735793
0.924891063158
0.924719406455
0.924376140846
0.924204531941
0.924032938968
0.923861361928
0.92368980082
0.923518255644
0.923346726401
0.923175213091
0.923003715713
0.922660768754
0.922660768754
0.922489319174
0.92214646781
0.921975066027
0.921803680177
0.921632310259
0.921460956273
0.92128961822
0.920775699656
0.920604425333
0.920261924485
0.920090697959
0.919748292706
0.919577113978
0.919405951182
0.919234804319
0.919063673388
0.918721459325
0.918550376192
0.918379308991
0.918208257723
0.918037222387
0.917866202984
0.917695199514
0.91735324037
0.917182284697
0.917011344956
0.916840421148
0.916327745319
0.916156885241
0.915986041095
0.915815212882
0.915644400601
0.915473604253
0.915132059354
0.914961310803
0.914790578185
0.914619861499
0.914278475926
0.914107807037
0.913937154082
0.913766517058
0.912913586862
0.912743045434
0.912572519938
0.912402010375
0.912231516744
0.912061039046
0.91189057728
0.911720131447
0.911549701546
0.911379287578
0.911208889542
0.911038507439
0.91069779103
0.909846278826
0.909846278826
0.909676024182
0.909505785471
0.909335562693
0.909165355847
0.908995164934
0.908824989953
0.908654830905
0.908484687789
0.908144449354
0.907974354036
0.90780427465
0.907634211197
0.907464163676
0.907294132087
0.907124116432
0.906954116708
0.906784132917
0.906614165059
0.906444213133
0.906274277139
0.906104357079
0.90593445295
0.905764564754
0.905594692491
0.90542483616
0.905254995761
0.904915362762
0.904915362762
0.904745570161
0.904406032756
0.904236287953
0.904066559082
0.903896846143
0.903387818855
0.903218169647
0.903048536371
0.902878919027
0.902709317616
0.902539732138
0.90203108723
0.901861565481
0.901692059665
0.901522569781
0.901183637812
0.901014195726
0.900844769572
0.900675359351
0.900505965062
0.899997877792
0.899828547233
0.899659232607
0.899489933913
0.899320651152
0.899151384323
0.898982133427
0.898812898464
0.898305289168
0.898136117934
0.897290596348
0.897290516686
0.897121441047
0.896952381341
0.896783337567
0.896445297817
0.896276301841
0.89576942544
0.895600493194
0.89543157688
0.895262676499
0.89509379205
0.894924923534
0.89475607095
0.894587234299
0.89441841358
0.894249608793
0.89408081994
0.893912047018
0.89374329003
0.893574548973
0.89340582385
0.893237114658
0.892056755754
0.891888174023
0.891719608224
0.891551058357
0.891382524424
0.891214006422
0.891045504353
0.891045504353
0.890877018217
0.890708548013
0.890540093742
0.890034842455
0.889866451914
0.889698077305
0.889529718628
0.889193049073
0.889024738194
0.888856443248
0.888688164234
0.888519901152
0.888351654003
0.888183422787
0.888015207503
0.88734255349
0.887174417868
0.887006298179
0.886838194423
0.886670106599
0.886502034707
0.886333978748
0.886165938722
0.885997914628
0.885829906466
0.885661914237
0.885325977576
0.885158033145
0.884990104646
0.884822192079
0.884654295445
0.884486414744
0.884318549975
0.883647298021
0.883479512914
0.88331174374
0.883143990499
0.882640826369
0.882473136857
0.882305463278
0.882137805631
0.881970163917
0.881802538136
0.881634928287
0.88046215325
0.88046215325
0.880294670861
0.880127204404
0.87995975388
0.879792319288
0.879624900629
0.879122756179
0.87895540125
0.878788062253
0.878620739189
0.878453432057
0.878286140858
0.878118865591
0.877282728245
0.877115548573
0.876948384834
0.876781237027
0.876614105153
0.875778684769
0.875611648489
0.875444628143
0.875277623728
0.875110635246
0.874943662697
0.874609765396
0.873775316894
0.873608471805
0.873441642648
0.873108032132
0.872941250772
0.872774485345
0.872607735851
0.872441002289
0.87227428466
0.872107582963
0.871940897198
0.871774227366
0.871607573467
0.8714409355
0.871274313466
0.871107707364
0.870941117194
0.870607984653
0.870441442281
0.870274915841
0.870108405334
0.869608985341
0.869442538564
0.869276107719
0.869109692807
0.868943293828
0.868776910781
0.868610543666
0.868444192484
0.866283523085
0.866117394958
0.865951282763
0.865785186501
0.86528699331
0.865120960778
0.864954944178
0.864788943511
0.864622958776
0.864456989974
0.864125100168
0.863959179163
0.863627384951
0.863461511744
0.863295654469
0.863129813127
0.862963987717
0.86279817824
0.862632384696
0.862466607083
0.861969385774
0.861803671892
0.861140991621
0.860975357401
0.860644136759
0.860478550337
0.859650873145
0.859485382318
0.859319907423
0.859154448461
0.858989005431
0.858823578334
0.858492771937
0.858327392637
0.857500782923
0.857335499218
0.857170231446
0.857004979606
0.856839743698
0.856674523724
0.856509319681
0.855188595494
0.855188499899
0.854858394532
0.854198422785
0.85403345773
0.853868508608
0.853703575418
0.853373756835
0.853208871443
0.853044001983
0.852879148455
0.85271431086
0.852549489198
0.85221989367
0.852055119805
0.851231489468
0.851231457603
0.85123144167
0.8510667634
0.850737454658
0.850572824185
0.850408209645
0.850243611038
0.850079028362
0.84991446162
0.84974991081
0.849585375932
0.849420856987
0.849256353975
0.849091866895
0.848927395747
0.848762940532
0.848598501249
0.848105278996
0.847940903444
0.847776543824
0.847612200136
0.847283560558
0.847119264668
0.846954984711
0.846790720685
0.846133871707
0.845969687344
0.845805518914
0.845805518914
0.845641366417
0.845313109219
0.845149004519
0.844656801945
0.844492760975
0.844328735937
0.844164726832
0.844000733659
0.843836756419
0.843672795112
0.843508849736
0.843344920294
0.843181006783
0.843017109205
0.84285322756
0.84154308255
0.84154308255
0.841379344297
0.841215621977
0.841215606045
0.841215606045
0.841051899657
0.840560876088
0.840397233431
0.840069995912
0.839906401052
0.839742822124
0.839579259129
0.839415712066
0.839252180935
0.838434764271
0.838271328736
0.837781117724
0.837617745919
0.837454390046
0.837291050106
0.837127726098
0.836964418022
0.836801125879
0.836637849669
0.836148132565
0.835984920084
0.835495378238
0.835332229488
0.83516909667
0.834679793811
0.834679793811
0.834516724723
0.834353671567
0.834190634344
0.834027613053
0.833864607695
0.83370161827
0.833538644777
0.832724016299
0.832561138401
0.832398276435
0.832235430402
0.832072600302
0.831909786134
0.831584205595
0.831421439224
0.831258688786
0.831095954281
0.830933235707
0.830770533067
0.830607846359
0.830445175583
0.83028252074
0.830119881829
0.829794651805
0.829632060692
0.829469485512
0.829306926263
0.829144382948
0.828981855565
0.828819344114
0.828656848596
0.82849436901
0.828331905357
0.828007025848
0.827844609992
0.827357473953
0.827195121827
0.827032785634
0.826870465373
0.826545872649
0.826383600186
0.826221343655
0.826059103057
0.825734669658
0.825572476857
0.825410299988
0.825248139053
0.825085994049
0.824923864979
0.82476175184
0.824599654634
0.824437573361
0.824113458612
0.823465436236
0.822979590729
0.822979574796
0.822817652848
0.822655746832
0.822493856748
0.822331982598
0.822170124379
0.82184645574
0.821684645319
0.821522850831
0.821361072275
0.821199309651
0.82103756296
0.820875832202
0.820714117376
0.820552418483
0.820390735522
0.820229068493
0.820067417397
0.819905782234
0.819744163003
0.819582559704
0.819420972338
0.819259400905
0.819097845404
0.818936305836
0.8187747822
0.818613274496
0.818451782725
0.81796741894
0.817805990899
0.81764457879
0.816999105613
0.816837773167
0.816676456654
0.816515156073
0.816353871424
0.816192602708
0.816031349925
0.815870113074
0.815708892155
0.815386498115
0.815225324994
0.815064167806
0.814903026549
0.814741901226
0.814580791835
0.814419698376
0.81425862085
0.814097559256
0.813936513595
0.813292538073
0.813131572075
0.812970622008
0.812809687875
0.812648769674
0.812487867405
0.812326981069
0.811844417655
0.811844417655
0.811683595049
0.811522788375
0.811361997634
0.811201222825
0.811040463949
0.810236908555
0.810076245274
0.809915597925
0.809754966509
0.809433751474
0.8086310883
0.808470584344
0.80831009632
0.808149624229
0.80798916807
0.807828727844
0.80766830355
0.807507895189
0.80734750276
0.8070267657
0.806866421068
0.806385482769
0.806225201868
0.806064936899
0.805904687863
0.805744454759
0.805584237587
0.804463211295
0.804303121584
0.804143047805
0.804142968142
0.804142968142
0.803822868382
0.803822868382
0.8036628424
0.803502832351
0.803502832351
0.803342838235
0.803182860051
0.8030228978
0.802703021094
0.80254310664
0.80222332553
0.802063458873
0.801903608149
0.801743773358
0.801583954499
0.801424151572
0.801104593517
0.800944838388
0.800785099191
0.800625375927
0.800465668596
0.800305977197
0.80014630173
0.799986642196
0.799826998594
0.799667370925
0.799507759189
0.799188583513
0.798391018738
0.798231534461
0.798072066117
0.797912613705
0.797434352066
0.797274963384
0.797115590635
0.796956233818
0.796796892934
0.79568204845
0.794409121749
0.794250035784
0.793136896077
0.792818995001
0.792818995001
0.792660068362
0.7913895634
0.790754573805
0.79075454194
0.790595822423
0.790437118839
0.790278431187
0.789961103681
0.789802463826
0.789643839905
0.789485231915
0.789168063734
0.788692446888
0.788533934494
0.788375438032
0.788058492906
0.787900044241
0.787741611509
0.78758319471
0.787108055839
0.78694970277
0.786474755089
0.786316465749
0.785525353634
0.78536715989
0.785208982078
0.785050820198
0.784734544237
0.783628319233
0.783470316678
0.783312330056
0.783154359366
0.782996404609
0.782364792704
0.782206917609
0.782049058447
0.781891215217
0.78173338792
0.781575576556
0.781417781123
0.781102238057
0.781102238057
0.780944490422
0.78078675872
0.78062904295
0.780313659208
0.780155991236
0.779998339197
0.779998307332
0.779998291399
0.779840655292
0.779683035117
0.779525430875
0.779367842565
0.779210270188
0.779052713744
0.778895173231
0.778737648652
0.778580140005
0.77810772559
0.777950280673
0.777792851688
0.777635438636
0.777320660329
0.777163295074
0.776691294905
0.776219454061
0.776062200334
0.775904962539
0.775747740677
0.775590534747
0.775433344749
0.775276170685
0.775119012552
0.775118948822
0.775118853227
0.774961711028
0.77480458476
0.774647474425
0.774490380023
0.774333301553
0.774176239016
0.774019192411
0.773862161739
0.773705146999
0.773548148192
0.773077263297
0.77292032822
0.772763409075
0.772606505862
0.771038923595
0.770882195641
0.770725483618
0.770568787528
0.770412107371
0.770098794853
0.769942162493
0.769785546066
0.769785546066
0.769628945571
0.769472361008
0.769315792378
0.769159239681
0.769002702916
0.768846182083
0.768689677183
0.768533188216
0.768376715181
0.768220258078
0.768063816908
0.767907391671
0.767750982366
0.767594588993
0.767438211553
0.767125504471
0.766969174828
0.766812861118
0.76665656334
0.766500281495
0.766344015583
0.766187765603
0.766031531555
0.76587531344
0.765719111257
0.765562925007
0.76540675469
0.762289418618
0.762133582883
0.761510399267
0.761510399267
0.761354643194
0.761198903054
0.761043178846
0.760887470571
0.760731778228
0.760576101818
0.76042044134
0.760264796795
0.760109168182
0.759953555502
0.759797958754
0.759642377939
0.759642377939
0.759486813056
0.759331264106
0.759175731088
0.759020214003
0.75870922763
0.758553758342
0.758398304986
0.758087446073
0.757932040515
0.75777665089
0.757621277197
0.757155267646
0.756844663653
0.756844663653
0.756689385555
0.75653412339
0.756223646856
0.756223646856
0.756068432488
0.755913234053
0.75575805155
0.755447734342
0.755292599636
0.754982378023
0.754362125986
0.754362125986
0.754207102808
0.754052095563
0.75389710425
0.753742128869
0.753587169421
0.753432225906
0.752967506887
0.752967490954
0.752812611169
0.752657747316
0.752657747316
0.752502899395
0.752348067407
0.752193251352
0.75172889878
0.751728882848
0.751728882848
0.751574130522
0.751109985073
0.750955296478
0.750800623814
0.750645967084
0.750491326286
0.75033670142
0.750182092487
0.750027499487
0.748791663634
0.748637214026
0.748019574918
0.747865204973
0.74771085096
0.747556512879
0.747402190731
0.747247884515
0.747093594232
0.746939319881
0.746785061463
0.746630818977
0.746476592424
0.746322381803
0.746168187115
0.74601400836
0.745859845536
0.745705698646
0.745551567687
0.745397452662
0.745243353568
0.745089270408
0.744935203179
0.744781151884
0.74462711652
0.744011134392
0.743857178692
0.743703238923
0.743549315087
0.743241515213
0.743087639175
0.742933779069
0.742779934896
0.742626106655
0.742472294347
0.742318497971
0.742164717528
0.742010953017
0.741857204438
0.741703471793
0.741549755079
0.741396054298
0.74124236945
0.741088700534
0.740935047551
0.7407814105
0.740627789382
0.740474184196
0.740320594942
0.740167021621
0.740013464233
0.739859922777
0.739706397254
0.739399394004
0.739245916278
0.739092454485
0.738939008624
