0.999821508257
0.999643032446
0.999464572567
0.999286128622
0.996612305418
0.996434116392
0.996077786138
0.995365332751
0.993407675206
0.993229772964
0.99287401628
0.992340500747
0.992162694101
0.99162938569
0.991451642774
0.990030320813
0.989852721289
0.989320018313
0.98914248252
0.98878745873
0.98843249867
0.988255042539
0.98807760234
0.987900178074
0.987545377339
0.987368000871
0.987190640335
0.987013295731
0.98683596706
0.986481357515
0.9861268117
0.985949562691
0.985595112471
0.985063556635
0.984886403221
0.984355054508
0.983469861009
0.983292850987
0.983115856899
0.982938878742
0.982408055801
0.982231141375
0.982231141375
0.982054242881
0.980463048656
0.980286309487
0.979932878947
0.979756187576
0.979049629213
0.978873017504
0.978696421727
0.978343277972
0.978166729993
0.9774607452
0.9774607452
0.9774607452
0.976754983461
0.976578578875
0.976402190221
0.9762258175
0.976049460711
0.975873119854
0.97569679493
0.975520485939
0.97534419288
0.975167915753
0.974815409298
0.974639179968
0.974462966572
0.974110587576
0.9730538967
0.972877826695
0.972525734485
0.971997731595
0.971821757186
0.971293929554
0.968833872638
0.968658185013
0.968306857563
0.968131217736
0.967955593842
0.967604393851
0.967428817754
0.967077713358
0.967077713358
0.966726672692
0.966375695756
0.965849365778
0.965498548167
0.964797120068
0.964621798891
0.963219866776
0.963219866776
0.963044688992
0.96286952714
0.96216905499
0.961118832706
0.959719529454
0.959544670319
0.959369827117
0.959194999848
0.958670629567
0.958670629567
0.95832111842
0.958146386746
0.956400519858
0.956225963441
0.956051422957
0.955702389785
0.954481291491
0.954306910331
0.95378387838
0.95378387838
0.95378387838
0.953435259453
0.953435259453
0.952912450557
0.95273821279
0.95273821279
0.952041421046
0.950996727338
0.950300572894
0.950126574115
0.949952591267
0.949778624353
0.949778624353
0.949778624353
0.949256835136
0.949256835136
0.948561317992
0.948561317992
0.948387478537
0.948039847425
0.947692280043
0.947692280043
0.947518520251
0.947518520251
0.947171048464
0.947171048464
0.946823640407
0.945955399083
0.944220302562
0.941620549528
0.941274161151
0.941274161151
0.940927836504
0.940754698079
0.940754698079
0.940581575586
0.940062319636
0.940062319636
0.940062319636
0.939889260874
0.938332895083
0.938159995646
0.937987112141
0.937641392928
0.937641392928
0.937468557221
0.937468557221
0.937468557221
0.937295737446
0.937122933603
0.936950145693
0.93660461767
0.93608644513
0.93608644513
0.93608644513
0.935913752815
0.935741076433
0.93505054616
0.934705368652
0.934532803797
0.934015204826
0.932980452995
0.932808047465
0.932290926469
0.931946258802
0.931429392726
0.930568257295
0.929363553538
0.929019427575
0.928847388492
0.928675365342
0.928675365342
0.925069284048
0.92472595471
0.92455431394
0.923696365008
0.923524819832
0.922838798455
0.922667332942
0.922153047931
0.921981646148
0.921810260297
0.921296198341
0.917701827432
0.917701827432
0.917359868288
0.916505281112
0.916163545023
0.915992700878
0.915821872665
0.915821872665
0.915480264036
0.915138719137
0.914967970586
0.914797237968
0.914626521282
0.91411446682
0.913602571683
0.913431966525
0.913261377299
0.913090804006
0.912920246645
0.91240868609
0.911897252996
0.911726807162
0.911726807162
0.911556377262
0.910704466745
0.910534132439
0.910534132439
0.910193511625
0.910193511625
0.910193511625
0.909852954541
0.909682699898
0.909512461187
0.909342238408
0.908831681601
0.908831681601
0.908661522553
0.908321252253
0.908151141002
0.907810966298
0.907810966298
0.907640902845
0.907640902845
0.907470855324
0.90713080808
0.906960808356
0.906960808356
0.906620856707
0.906620856707
0.905771256402
0.905601384139
0.905431527808
0.904582501073
0.904582501073
0.904412740337
0.904412740337
0.904073266662
0.903733856718
0.903224861295
0.90237685424
0.902037762945
0.901359771546
0.901190313527
0.901020871441
0.900851445288
0.900851445288
0.900343262422
0.89966595612
0.899496657426
0.899496290979
0.899496290979
0.898480897129
0.898311709963
0.898311709963
0.89814253873
0.897128005235
0.896958945529
0.896789901755
0.896451862005
0.896113885985
0.895944921874
0.895438141068
0.895269240687
0.894762635138
0.894256188914
0.894256188914
0.892906658776
0.892737997382
0.892569351921
0.892232108796
0.891389327599
0.891220809598
0.891052307529
0.890715351188
0.889200282426
0.888695397586
0.888527134505
0.888527134505
0.88819065614
0.88819065614
0.888022440856
0.888022440856
0.888022154071
0.887013196949
0.886845093193
0.886845093193
0.886677005369
0.886508933477
0.886340877518
0.886172837492
0.886172789694
0.886172789694
0.886172789694
0.884158428398
0.883990595494
0.883822778523
0.883487192377
0.883151669961
0.883151669961
0.882983932652
0.882648505831
0.88248081632
0.881475029765
0.881307451781
0.881139889729
0.88097234361
0.88097234361
0.88097234361
0.880637299169
0.880469800848
0.880134852002
0.880134852002
0.880134852002
0.880134852002
0.879967401478
0.879297774638
0.879130403777
0.879130164789
0.878628163731
0.8784608566
0.8784608566
0.877791835195
0.877624607726
0.877457396189
0.877290200585
0.877290200585
0.876621577493
0.876621577493
0.876621577493
0.876120293398
0.875786173041
0.875786173041
0.875619136762
0.875452116415
0.875285112001
0.875285112001
0.874450376714
0.874450376714
0.874283467895
0.874116575008
0.874116575008
0.873449210583
0.873449210583
0.873282397359
0.873282397359
0.872948818707
0.871948624458
0.871115530219
0.870615807508
0.869949733615
0.868618589576
0.867620785202
0.866955874381
0.866789682524
0.866623506599
0.866623506599
0.866125090353
0.864796973489
0.864630988754
0.864630988754
0.864630988754
0.864299067082
0.863801320001
0.862640494336
0.862143209296
0.861480385633
0.861480385633
0.861480385633
0.860983435176
0.860983435176
0.857511824142
0.857181272665
0.856850784918
0.856685564943
0.856685564943
0.85635517279
0.85635517279
0.856190000613
0.856024844368
0.856024844368
0.855859704056
0.855859704056
0.854539330384
0.854044387422
0.853879438299
0.853879438299
0.853549587852
0.853549587852
0.853219801134
0.853219801134
0.853054931674
0.852890078147
0.852725240552
0.852560418889
0.852560418889
0.852395613159
0.852230823362
0.852066049497
0.851901291565
0.851901291565
0.851407129294
0.851077756822
0.850748448079
0.850583817607
0.850419203067
0.850419203067
0.850419203067
0.850419203067
0.849925470974
0.849760920164
0.849596385286
0.849431866341
0.849431866341
0.848280775431
0.848280775431
0.847952008393
0.847458993263
0.847458993263
0.84729468144
0.84729468144
0.846145183779
0.845980999416
0.845816830986
0.845816830986
0.844668145882
0.844668145882
0.844668145882
0.844176086701
0.843520225538
0.843356296095
0.843356296095
0.843356296095
0.843356296095
0.843192382585
0.842373101818
0.840081531039
0.839917936178
0.839754357251
0.839263716062
0.839263716062
0.839100200864
0.838609766798
0.837956056521
0.837956056521
0.837956056521
0.837956056521
0.837956056521
0.837629296978
0.837139293089
0.836323007632
0.835996566738
0.835996566738
0.835670189575
0.835017642371
0.834691456397
0.834365334153
0.83420229693
0.83420229693
0.83420229693
0.83420229693
0.83403927564
0.833713280856
0.833550307363
0.833550307363
0.833550307363
0.833550307363
0.833550307363
0.833550307363
0.833387349803
0.833224408175
0.833061482479
0.832898572716
0.831433436393
0.830782530236
0.830294517909
0.82996925602
0.82996925602
0.82996925602
0.82996925602
0.82996925602
0.82996925602
0.82996925602
0.829806648974
0.829806648974
0.829644057861
0.829156380117
0.828993852733
0.828668845765
0.828019023017
0.828019023017
0.828019023017
0.828019023017
0.82753183918
0.827044798735
0.826882478474
0.826720174146
0.826071163955
0.82590893929
0.825746730556
0.825746730556
0.825746730556
0.825746730556
0.825584537756
0.825584537756
0.825422360887
0.825260199952
0.825260199952
0.825260199952
0.825260199952
0.825260199952
0.825260199952
0.825260199952
0.824773812739
0.82444963426
0.824287568919
0.824125519511
0.824125519511
0.824125519511
0.824125519511
0.824125519511
0.824125519511
0.824125519511
0.823801468492
0.823801468492
0.823639466881
0.823477481202
0.823477481202
0.823477481202
0.823477481202
0.822667807731
0.822505917647
0.822344043496
0.822344043496
0.822182185278
0.822020342992
0.821858516639
0.821858516639
0.821858516639
0.821858516639
0.821696706218
0.821696706218
0.821696706218
0.821696706218
0.821534911729
0.821534911729
0.821373133174
0.821373133174
0.821373133174
0.821373133174
0.821373133174
0.82121137055
0.819756399159
0.819756399159
0.819756399159
0.819756399159
0.819594795861
0.819433208495
0.818141258394
0.818141099069
0.818141099069
0.817979655096
0.817818227055
0.817656814946
0.81749541877
0.817334038527
0.81668869281
0.816366107581
0.816366107581
0.816204838864
0.815721144244
0.814109922873
0.814109922873
0.814109922873
0.813304901689
0.813143935691
0.813143935691
0.813143935691
0.813143935691
0.812982985625
0.812982985625
0.811696293248
0.811374695833
0.811374695833
0.809928359854
0.809928359854
0.809125362098
0.808964810344
0.808964810344
0.808964810344
0.808804274523
0.808804274523
0.808483250678
0.808483250678
0.808483250678
0.808483250678
0.808483250678
0.808322762654
0.808322762654
0.808322762654
0.808162290563
0.808162290563
0.807680969884
0.807360169093
0.807360169093
0.806398165035
0.806398165035
0.806237884134
0.806077619165
0.806077619165
0.805917370129
0.805917370129
0.805757137025
0.805436718615
0.805436718615
0.805436718615
0.805436718615
0.804475861696
0.804475861696
0.804475861696
0.804315771985
0.804315771985
0.803995640359
0.803355568299
0.803355568299
0.803195590115
0.803035627863
0.802236087458
0.802236087458
0.80159673236
0.800957616249
0.800957616249
0.800957616249
0.800638153788
0.800638153788
0.800638153788
0.800638153788
0.799839808321
0.799680180652
0.799680180652
0.798722797017
0.798563280875
0.797765955087
0.797606534541
0.797606534541
0.797447129927
0.797447129927
0.797447129927
0.797447129927
0.797447129927
0.797128368496
0.796809670795
0.796809670795
0.796809670795
0.79633175967
0.796172482516
0.795376335733
0.794898838852
0.794898838852
0.794580587262
0.794580587262
0.794580587262
0.79394427527
0.79394427527
0.793626214869
0.793308218198
0.793308218198
0.792990285257
0.792672416046
0.792195731723
0.791719206725
0.791401592434
0.791401592434
0.790925290491
0.790290444288
0.790131772569
0.789973116782
0.789973116782
0.789973116782
0.789338668892
0.788229209591
0.788070744995
0.788070744995
0.788070744995
0.787595446799
0.787595446799
0.787278660997
0.787278660997
0.787278660997
0.787278660997
0.786961938926
0.786961938926
0.786961938926
0.786961938926
0.786803601789
0.785695783535
0.785695783535
0.785379380114
0.785379380114
0.785221202302
0.785063040422
0.784746764461
0.784272485945
0.784272485945
0.783956369308
0.783956369308
0.783640316401
0.783640316401
0.782692555994
0.782218898845
0.782061039683
0.78142976236
0.78127198286
0.780798739956
0.780798739956
0.780798739956
0.780798739956
0.780798739956
0.780641024187
0.780325640445
0.780010320433
0.779537475842
0.779537475842
0.779537475842
0.779222315155
0.77906475871
0.77906475871
0.778749693618
0.778749693618
0.777805040047
0.777805040047
0.777805040047
0.777490229875
0.777175483433
0.777018134111
0.777018134111
0.776860800721
0.776860800721
0.776388896147
0.776388896147
0.77607437276
0.775917134965
0.775917134965
0.775916832248
0.775916832248
0.775445230391
0.775445230391
0.775288056326
0.775288056326
0.775288056326
0.774502424989
0.773717239763
0.773560240955
0.773403258081
0.773403258081
0.772618630491
0.772618630491
0.772618630491
0.772461743211
0.772461743211
0.772148016449
0.771677561732
0.771677561732
0.771677561732
0.771677561732
0.771363994294
0.770110473372
0.769953841012
0.76932748683
0.768701387567
0.768701387567
0.768701387567
0.7685448986
0.767762740547
0.767606347175
0.767606347175
0.767449969735
0.767449969735
0.767449969735
0.767137262652
0.766980933009
0.765262645271
0.765262645271
0.765262645271
0.765262645271
0.765262645271
0.765106506818
0.764950384298
0.764326069475
0.763701993639
0.763701993639
0.762922257326
0.762922257326
0.762766357861
0.76229875506
0.762142919325
0.761987099522
0.759652638466
0.759341524633
0.759341524633
0.759185991615
0.75825319182
0.75825319182
0.75809777033
0.757476243694
0.757476243694
0.75716557597
0.756854971977
0.756544431714
0.756544431714
0.755147964445
0.754837774697
0.754372609568
0.754372609568
0.753752660249
0.753442757285
0.753287829702
0.753287829702
0.753132918052
0.752823142548
0.751585012416
0.751120851035
0.750966162439
0.750966162439
0.750966162439
0.75050220818
0.75050220818
0.749883820245
0.749574713907
0.748956740217
0.748802274676
0.748802274676
0.748802274676
0.748647825068
0.748647825068
0.748647825068
0.748338973649
0.747721509799
0.747721509799
0.747258543354
0.747258543354
0.747104253071
0.746949978721
0.746795720302
0.746795720302
0.746024699064
0.745562274324
0.745408159298
0.745408159298
0.745254060205
0.745099977044
0.745099977044
0.745099977044
0.745099977044
0.744637823157
0.744637823157
0.744021856962
0.744021856962
0.744021856962
0.744021856962
0.742175870274
0.741560923758
0.741560923758
0.740792674774
0.740792674774
0.740792674774
0.740792674774
0.740792674774
0.74048544847
0.740178285895
0.740178285895
0.739717661528
0.739257196485
0.739257196485
0.739257196485
0.739257196485
0.739103734692
0.739103734692
0.739103734692
0.738950288831
0.738336680644
0.738336680644
0.737876629846
0.737876629846
0.737723311445
0.736497576795
0.732677378699
0.732524602003
0.73206636751
0.73176095751
0.73176095751
0.731608276409
0.731608276409
0.731608276409
0.731608276409
0.731608276409
0.731302962004
0.729929899571
0.729929899571
0.729929899571
0.729929899571
0.729929899571
0.729929899571
0.729777409659
0.729624935681
0.729167609339
0.729167609339
0.729015199091
0.728558063939
0.728253386834
0.72810107218
0.72810107218
0.727948773459
0.727187614435
0.727035411309
0.727035411309
0.727035411309
0.726883224115
0.726883224115
0.726883224115
0.726731052854
0.726731052854
0.726578897525
0.726578897525
0.726426758129
0.726122527133
0.725818359868
0.725818359868
0.725666300134
0.725058268321
0.72490628825
0.72490628825
0.72490628825
0.72490628825
0.72490628825
0.72490628825
0.72490628825
0.72490628825
0.724754324111
0.722780686273
0.722780686273
0.722628945189
0.722477220037
0.722477220037
0.722325510818
0.722022140178
0.721415590087
0.721415590087
0.721415590087
0.721415590087
0.720809294916
0.720809294916
0.720354740829
0.720354740829
0.719597564928
0.719597564928
0.719294767858
0.719294767858
0.719294767858
0.719143393221
0.719143393221
0.718992034517
0.718992034517
0.718538054
0.718235479984
0.718234699292
0.718234699292
0.718234699292
0.718083436183
0.718083436183
0.718083436183
0.717478559004
0.71687396861
0.71687396861
0.716722848893
0.716722848893
0.716571745109
0.716118529352
0.715967489298
0.715665456987
0.715363488406
0.714759790232
0.71460889357
0.71460889357
0.714005514045
0.714005514045
0.714005514045
0.713703895979
0.713251588374
0.712950129633
0.712950129633
0.712648734622
0.712498061015
0.711744947901
0.711293261663
0.711293261663
0.710841718818
0.710841718818
0.710841718818
0.710841718818
0.710691236401
0.710390319365
0.710239884746
0.709939063304
0.709788676483
0.709788676483
0.709788676483
0.709638305593
0.709638305593
0.709487950636
0.709487950636
0.709487950636
0.709487950636
0.708586251072
0.708586251072
0.708436007643
0.708436007643
0.707384909072
0.707234793103
0.706784556722
0.706784556722
0.706784556722
0.706784556722
0.706634504482
0.706484468175
0.706484468175
0.705584744241
0.704386126697
0.704386126697
0.704236329377
0.70408654799
0.703637315357
0.703637315357
0.703637315357
0.702888902329
0.702888902329
0.701094600656
0.701094600656
0.701094600656
0.70049695683
0.699003890843
0.699003890843
0.699003476598
0.698406693127
0.698406693127
0.698406693127
0.698406693127
0.698406693127
0.698406693127
0.698406693127
0.698406693127
0.69810838902
0.69810838902
0.69810838902
0.69810838902
0.697959260865
0.697959260865
0.697213954673
0.697213954673
0.696617920029
0.6964689512
0.695873235205
0.695873235205
0.695873235205
0.695575472803
0.695426615501
0.695277774131
0.695277774131
0.695277774131
0.695277774131
0.695277774131
0.695277774131
0.695277774131
0.695277774131
0.695277774131
0.694831361549
0.694831361549
0.694831361549
0.694682583909
0.692454073945
0.691860078661
0.691860078661
0.691414765421
0.691414765421
0.691414765421
0.691266354228
0.690821232178
0.690821232178
0.690672884716
0.690524553186
0.690524553186
0.690376237588
0.690376237588
0.690376237588
0.690376237588
0.690227937923
0.690227937923
0.689634914521
0.689634914521
0.688745865358
0.688745865358
0.688745865358
0.688745865358
0.688745865358
0.687709376885
