0.996255067011
0.996076909851
0.995186363033
0.994118232625
0.993406464336
0.993050675786
0.991805933669
0.98949648663
0.988608887324
0.987721686331
0.98754429393
0.986657570911
0.985416875648
0.984176961077
0.98364578762
0.982053366594
0.980462060841
0.979931891132
0.9790485936
0.97834224236
0.977989162334
0.977636146039
0.97710674109
0.976401090879
0.975519386596
0.974814325888
0.9739333545
0.973404953298
0.972524603278
0.972172574797
0.971116887667
0.970940992921
0.969885974956
0.968831514628
0.967777643803
0.967426475677
0.966899858915
0.965847039634
0.965496222023
0.965145468142
0.964794777991
0.96444415157
0.963567880268
0.962341763238
0.960766788293
0.960241987835
0.959192817096
0.959018005759
0.958144188062
0.957445420689
0.956572319954
0.955699633463
0.955350664022
0.954827345286
0.954478535169
0.953781106126
0.953083932002
0.952909678303
0.952212822829
0.952038648792
0.951864490687
0.950645893794
0.95012386559
0.949949882743
0.949428029797
0.949254110679
0.949080207495
0.948384801878
0.948037170766
0.947168419602
0.946994707607
0.945952786154
0.945432032549
0.945258479879
0.944217514375
0.944044073233
0.943350483921
0.943177122441
0.942657133596
0.942137304077
0.941790820104
0.941271213639
0.940751750567
0.940232430887
0.940059356192
0.93988629743
0.9397132546
0.939021242605
0.938156586092
0.937637983374
0.937465147667
0.937292327892
0.936946736139
0.936255743824
0.935392361911
0.935219733326
0.934874523953
0.934184296397
0.933666793022
0.933494323762
0.932459858716
0.930048730492
0.929876595815
0.929704477069
0.929016161413
0.92884412233
0.92867209918
0.927640390456
0.927124703385
0.926952839559
0.925578566256
0.925235141323
0.922318857408
0.921461960021
0.921119299847
0.920947993659
0.919578165522
0.918722558667
0.917867318259
0.916499848131
0.915816439684
0.914791836852
0.914450419413
0.913597170567
0.913255976183
0.91308540289
0.912744304101
0.912573778605
0.911380594042
0.910869447733
0.910358444815
0.910188142374
0.908996566993
0.908145851414
0.907975756096
0.90729555008
0.907125534424
0.9069555347
0.906275711064
0.905256589011
0.904916956011
0.903728837982
0.903559156908
0.902541420982
0.902202297823
0.902032760142
0.901863238393
0.901524242693
0.901354768742
0.901015868638
0.900338275551
0.899830236077
0.899660921451
0.898983822272
0.898645368277
0.897968651477
0.897461281169
0.896446986662
0.895771098352
0.895095464962
0.894251281705
0.894082492852
0.893407496762
0.892901416985
0.892226882937
0.892058285273
0.891384053943
0.891215535942
0.89037323272
0.889868013298
0.889699638689
0.889531280013
0.889362937269
0.888521510334
0.888353263185
0.888185031969
0.888016816685
0.887848617333
0.887344114874
0.887175979253
0.887007859564
0.886503596092
0.883985672353
0.883314547859
0.882475956909
0.88230828333
0.882140625683
0.881972983969
0.880799954012
0.880129992591
0.879795107475
0.879292899295
0.878958173504
0.878623511443
0.878288913112
0.877954378511
0.87761990764
0.877452696103
0.877118320827
0.876616877407
0.876449761465
0.876115577379
0.875447416329
0.875280411915
0.874612553583
0.874445628831
0.874111827124
0.87394495017
0.873778089148
0.873110820318
0.872443806408
0.872110387082
0.871943701317
0.871443755552
0.870943953178
0.870277767758
0.869944762677
0.869278959636
0.868779762698
0.868447044401
0.867781846795
0.867615575276
0.867449319689
0.867116856312
0.866618296673
0.866452136681
0.866285992622
0.865621575708
0.86479142898
0.864293522574
0.864127585637
0.863961664632
0.86230356986
0.861640730264
0.86114373201
0.86097809779
0.860812479503
0.860646877148
0.860315720236
0.859819104362
0.859653597602
0.857008405092
0.856843169185
0.856512745168
0.855192020981
0.855026960331
0.854861915614
0.854201896069
0.853542147377
0.853377246052
0.853212360659
0.852882637672
0.852552978414
0.852223382887
0.851729109089
0.849918349149
0.849260257436
0.848931299208
0.848931012423
0.848602117926
0.847615880542
0.846958712914
0.846465968636
0.846137552114
0.845809199321
0.845152700857
0.844332432276
0.844168423171
0.843840452758
0.843020837409
0.842365406423
0.842201588508
0.842037786525
0.841219063396
0.840400738579
0.839909906201
0.839746327273
0.839582764278
0.839092170887
0.838928671621
0.838438285352
0.838274849817
0.838111430214
0.837784638806
0.837131263112
0.836478142337
0.836314897992
0.836151669579
0.835172649616
0.83500953273
0.834683346757
0.83419418729
0.833705171216
0.833542197723
0.833379240163
0.832890463076
0.832727569245
0.832238983349
0.832076153248
0.831262241733
0.830611399305
0.829798220684
0.829473054391
0.829147951827
0.828660417475
0.828335474236
0.82768579488
0.827198690706
0.827036354513
0.826711729924
0.826549441528
0.826224912534
0.825576061668
0.8254138848
0.825251723864
0.824765352584
0.824603255378
0.824117059356
0.823793008337
0.823307051302
0.822821237659
0.822335567409
0.821850040551
0.82168823013
0.820232828562
0.819909542303
0.819424732407
0.819263160974
0.818940065904
0.818778542268
0.818294066955
0.818132607049
0.817971163076
0.81748692675
0.816841501371
0.816680184858
0.816518884277
0.816357599628
0.816196330912
0.815712620359
0.815551415373
0.814906770686
0.814423442513
0.814262364986
0.812331123517
0.812009398643
0.811687737498
0.811366140083
0.810401793948
0.810080451453
0.809919804104
0.809759172688
0.808956270527
0.808314222836
0.807672430066
0.806229503642
0.805428338122
0.804627618713
0.803987291732
0.803827249818
0.803507213788
0.803347219671
0.802387637352
0.801908053315
0.801748218524
0.801428596738
0.801109038683
0.800629821093
0.799831491558
0.799352656348
0.799193076477
0.798714432457
0.798554916315
0.798076463486
0.797757574595
0.797598154048
0.797119988003
0.796323379178
0.795686366156
0.79536795524
0.795049608054
0.79489045836
0.794731324598
0.794254018908
0.793617834376
0.793140863268
0.792981904764
0.792822962192
0.792664035553
0.792505124846
0.79218735123
0.790282127526
0.789806176098
0.789647552176
0.789171791938
0.788537646765
0.788220669774
0.787903756513
0.78727012118
0.786003854262
0.78584561272
0.78568738711
0.785529177433
0.785370983689
0.784580301751
0.783474188274
0.783316201652
0.783000276206
0.782684414489
0.78221075734
0.781579416287
0.781263841355
0.780317546737
0.780002226725
0.779844590618
0.779686970444
0.779529366201
0.779371777892
0.778584123128
0.778426630414
0.778269153631
0.778111692782
0.777954247864
0.777639405827
0.777482008708
0.777324627521
0.777167262266
0.776537976504
0.776380690912
0.776223421252
0.776066167525
0.77590892973
0.775437311941
0.775122979744
0.774808711276
0.774651600942
0.77402333486
0.773709289448
0.773238340823
0.772924454736
0.772610632379
0.772453745099
0.771983178854
0.771355996182
0.771199236362
0.77072906843
0.77057237234
0.770415692182
0.769789178675
0.76963257818
0.769475993617
0.769319424987
0.76916287229
0.768849814692
0.768380363722
0.76806746545
0.767911040212
0.767754630907
0.767598237535
0.767441860095
0.767129153012
0.766660227814
0.766347680057
0.766035196029
0.765878977914
0.765410419164
0.765098126326
0.764317688983
0.764161646125
0.763849608207
0.763537634019
0.762290549825
0.76213471409
0.761823090417
0.761511530474
0.760888617711
0.760577248958
0.760265943935
0.760110315322
0.759799105894
0.758865875922
0.758399483991
0.757311804411
0.757156478516
0.757001168553
0.756380103959
0.755914460855
0.755759278352
0.755293826438
0.75482853385
0.754673462874
0.754518407831
0.754208345543
0.754053338297
0.753588412156
0.753278541058
0.753123629407
0.752349405737
0.752194589681
0.75173023711
0.751575484784
0.751420748391
0.750956634807
0.750647305414
0.75033803975
0.750183430817
0.749874260748
0.749719699613
0.749410625139
0.749256111801
0.749101614395
0.748947132922
0.748638217773
0.748483784098
0.748020578666
0.747711854707
0.747248904195
0.746940339561
0.746631838657
0.746169206795
0.745552587367
0.745398472341
0.745244373248
0.744936222859
0.743858293966
0.743704354198
0.743396522459
0.743242630488
0.74308875445
0.742627237862
0.742012100156
0.741858351578
0.741243532522
0.741089863606
0.740782573572
0.740321758014
0.740014627305
0.739707560326
0.739554050735
0.739247079351
0.738940171696
0.738326547577
0.737866512712
0.737559891843
0.734346944868
0.734193992914
0.732665524923
0.732359987463
0.732054513733
0.731901800767
0.731749103733
0.731443757464
0.731138474924
0.730375563325
0.729917997997
0.729765508085
0.729613034107
0.728698524817
0.728393815847
0.727632338173
0.727327852258
0.727175633199
0.727023430073
0.726871242879
0.726262701226
0.726262605631
0.7261104981
0.725958406501
0.725502227299
0.72504619149
0.72474224728
0.724438366799
0.723982665573
0.723830797029
0.723527107738
0.723375286992
0.722616470045
0.722464744893
0.721858003613
0.72109998329
0.72079686757
0.720493815579
0.720190827318
0.720039357087
0.719433683283
0.719130918078
0.718979559373
0.718676889763
0.718525578856
0.718374283882
0.718223004841
0.718071741731
0.717618047999
0.717164513592
0.716711122577
0.716257859022
0.715200897293
0.715049952833
0.714446382119
0.714295517322
0.714144668458
0.713541448259
0.713239925788
0.712787761575
0.712637072036
0.712335740755
0.711883879259
0.711432161156
0.71128161501
0.710529139195
0.70992748038
0.709777093559
0.709626722669
0.709175705596
0.709025398437
0.708574572553
0.708424329124
0.707973694431
0.707823514731
0.70752320313
0.707373071228
0.70692278705
0.706472646264
0.706322625889
0.706172621447
0.705572810802
0.705422886022
0.705272977175
0.704973207279
0.704373906473
0.704224109154
0.703475393408
0.703325691684
0.703026336032
0.70272704411
0.702278241654
0.701979109057
0.701381050986
0.700633864761
0.700484465754
0.700335082679
0.700185715537
0.69988702905
0.699439118813
0.699289847266
0.6986929682
0.698543776315
0.698394600363
0.698245440343
0.697648975521
0.697499895164
0.697350830739
0.697201782247
0.696754732365
0.696158888911
0.695563316309
0.695414459007
0.695265617637
0.694967982695
0.694670411483
0.694521649775
0.694372904001
0.693778080226
0.693480763934
0.692589245234
0.692440706582
0.692292183862
0.692143677075
0.69140141399
0.691253002797
0.691104607537
0.69095622821
0.690659517353
0.690362870225
0.69021457056
0.689918019028
0.689621531225
0.689325107152
0.688584341722
0.687992003417
0.687843958672
0.687399920032
0.686956040716
0.686660190214
0.686512288861
0.686364403441
0.686216533953
0.684001327623
0.683558531717
0.683115895137
0.682820873124
0.68237847553
0.68193622133
0.681788829817
0.681641454237
0.681494094589
0.68105211124
0.680757535337
0.680610271285
0.680463023164
0.680021390331
0.67987420594
0.679727037483
0.678403349852
0.677815424848
0.677374652369
0.67693400735
0.676640323667
0.676493505724
0.676346703713
0.67605314749
0.675906393277
0.675759654997
0.675612932649
0.675466226233
0.672976104699
0.672829685068
0.672390537704
0.672097841835
0.6719515178
0.671805209697
0.671658917526
0.670781499085
0.670635318442
0.669466622124
0.669320584873
0.669174563555
0.668736595195
0.668590637607
0.667861184248
0.667569476194
0.667423646066
0.66727783187
0.666986251276
0.665820725525
0.665092706091
0.664219637221
0.66407417354
0.663928725792
0.663492478142
0.662911053596
0.662765733307
0.662475140528
0.662039370853
0.661894146159
0.66160374457
0.660732938114
0.660587856813
0.660442791445
0.660152708505
0.660007690934
0.659427779975
0.659282842067
0.659137920091
0.658848123936
0.658703249757
0.658413549198
0.658268722817
0.657979117852
0.657834339269
0.657689576618
0.656676731967
0.656387477518
0.656242874192
0.656098286798
0.655953715337
0.655809159808
0.655664620212
0.655231097019
0.655086621152
0.654942161219
0.654364528607
0.654220148335
0.654075783997
0.653931435591
0.653642786576
0.653498485967
0.653065679736
0.652633016897
0.652200513383
0.6520563721
0.651624043843
0.651335904668
0.651047829223
0.650759817508
0.649896180675
0.649320746747
0.649176924113
0.6486018407
0.64831437069
0.648170659584
0.64802696441
0.647739621859
0.647595974483
0.647452343039
0.647308727528
0.647021544302
0.646734424807
0.646447369042
0.646303865058
0.643011016619
0.642152557847
0.641866521762
0.641580549406
0.641437587127
0.64129464078
0.641151710366
0.640865897335
0.640294510261
0.64000888842
0.63972333031
0.639009809446
0.638867133952
0.63872447439
0.6382965913
0.638011415569
0.637868851602
0.63744127123
0.637298770993
0.637156286689
0.637013818317
0.636586524729
0.636159358601
0.635732335866
0.635163243071
0.634736554918
0.634452175812
0.634167860435
0.633883608789
0.633599420873
0.633173274425
0.633031252163
0.632747255437
0.631045489695
0.630761939079
0.63062018767
0.630336732648
0.630195029036
0.629628389846
0.629062005575
0.628778901068
0.628637372714
0.628071434553
0.626799065489
0.626233955818
0.626092714248
0.625951488611
0.625669085135
0.625527907295
0.625386745388
0.62454012446
0.62439907408
0.623976018536
0.623553106384
0.62298944657
0.621863226284
0.621722478622
0.621159695095
0.620737754826
0.620175385544
0.619894288532
0.619753763925
0.61905147547
0.618489870948
0.617647934174
0.617227188841
0.617086966951
0.616946760994
0.616666396876
0.616245970194
0.616105859832
0.615685624339
0.615545577707
0.614565792984
0.614006227821
0.613726532869
0.613446901646
0.612468853565
0.61232917338
0.612049860807
0.611770611965
0.610933311546
0.610514860493
0.610375403363
0.610235962165
0.609957127567
0.6096783567
0.609399649562
0.609121006154
0.60856392646
0.608424692385
0.608007085754
0.607589622516
0.607033275717
0.606755174014
0.605782479252
0.605643563826
0.605504664334
0.60508806145
0.604949225687
0.604671601959
0.604532813994
0.603977837389
0.603839129087
0.603423099773
0.602868633009
0.602591487255
0.602175888119
0.601483541541
0.601345120023
0.600791593276
0.600376615507
0.600238321449
0.59982353487
0.59927075695
0.599132590352
0.598994439687
0.598580083285
0.597200265474
0.596786546372
0.596648666559
0.595408624527
0.595133199483
0.594857838169
0.594444915692
0.592520110951
0.592382725046
0.592108001031
0.591833340747
0.591558744193
0.591421469815
0.591284211369
0.590872547559
0.590461027141
0.590049634184
0.589912535063
0.589364345702
0.589090322717
0.588953335124
0.588816363463
0.588542467938
0.588268636144
0.587858007946
0.58731074267
0.586900449054
0.586353629888
0.586216960944
0.586080307933
0.585397329663
0.585260772247
0.585124230763
0.584714701908
0.584578224154
0.583896122171
0.583623373786
0.583487023493
0.583350689131
0.582805558809
0.582533065345
0.58226063561
0.582260492217
0.581988126212
0.581715823938
0.581579696699
0.581307490019
0.581171410578
0.580899299493
0.580763267849
0.580627252138
0.580355268513
0.579811508385
0.57953971595
0.579403843632
0.57899632227
0.578860513682
0.578724721025
0.578588944301
0.57845318351
0.578317438651
0.577503351878
0.577367718547
0.576554412466
0.576418890662
0.575741568428
0.574929266095
0.574388055166
0.573847099158
0.573576708782
0.573036119222
0.572495800513
0.572360756684
0.572225728787
0.571685792459
0.571280995554
0.570876342042
0.570471831922
0.570067481127
0.569663257793
0.569393855232
0.568989870884
0.5688552413
0.568451464075
0.568316898221
0.567913296254
0.567644307938
0.567509837679
0.567106522496
0.56683772537
0.566703350706
0.566166027306
0.565897453235
0.565494711623
0.565092113402
0.56495794586
0.564689658574
0.563349751663
0.563215791244
0.563081846757
0.562814005581
0.562546228135
0.56201091223
0.561877111135
0.561609556744
0.561208344651
0.561074639151
0.560940949584
0.56027275667
0.560005584658
0.559738476377
0.559604946135
0.559337933448
0.559070984492
0.558804099265
0.558670680551
0.558537277769
0.558403890919
0.558403843122
0.55813711722
0.557204317426
0.557204269628
0.556405302793
0.556272170864
0.556139054867
0.556005954802
0.555207752727
0.554675910106
0.554410076424
0.554277183482
0.554144306472
0.553745771038
0.55374565951
0.553612846231
0.553347267469
0.553214501987
0.55294901882
0.552683599383
0.552550913563
0.552285589721
0.552152951699
0.552020329609
0.551887723452
0.551887643789
0.551755053564
0.551622479272
0.551489920912
0.551357378485
0.55122485199
0.551092341428
0.550959846798
0.550959703406
0.550827224709
0.550694761944
0.550429884212
0.550165070209
0.550032687107
0.549900319937
0.549635633395
0.548313730204
0.548181570156
0.548049426041
0.547653089292
0.547388944454
0.546201415927
0.5460695108
0.545937621605
0.545805748342
0.545673891012
0.545673763552
0.54527830309
0.54514650949
0.545014731822
0.544882970087
0.544619494415
0.543961179647
0.543960781335
0.54356594224
0.543434355762
0.543302785217
0.543171230604
0.543171182807
0.542645139614
0.542513664664
0.542382205646
0.542250762561
0.542119335409
0.541856528901
0.541725149546
0.541068587352
0.540806035765
0.540674783869
0.540412327877
0.540149935614
0.539625390075
0.539494281573
0.53949420191
0.539232032702
0.539100971997
0.538969927224
0.537138216053
0.537007410267
