153
10890
2648
3854
9355
629
856
1794
5114
6809
8401
10473
328
446
467
818
1188
1340
2075
2258
3405
4421
4572
4798
5062
5353
5601
5768
6172
6282
6420
6914
7140
7231
7718
8793
8935
9945
476
533
577
806
921
937
1171
1241
1612
1764
1782
1819
1988
2314
2589
2595
2833
3373
3946
4350
4535
4643
4764
5624
6005
7037
8065
8366
8667
8875
9186
9471
9990
10191
10728
10893
10966
11083
11134
25
150
364
512
734
735
919
923
1152
1275
1334
1416
1667
1716
1825
1855
1964
2040
2283
2328
2693
2847
3074
3271
3274
3448
3471
3506
3572
3781
4006
4008
4035
4107
4468
4558
4793
4816
4878
5068
5089
5466
5586
5634
5834
5847
5979
6105
6175
6311
6413
6687
6964
6974
7153
7547
7623
7658
7737
7745
8028
8184
8252
8310
8448
8501
8541
8657
9119
9146
9300
9508
9518
9563
9943
10193
10483
10661
10677
10868
10873
11084
8
43
115
149
227
254
276
348
514
650
751
835
839
840
965
1042
1197
1288
1301
1363
1424
1481
1485
1524
1577
1673
1712
1724
1791
1835
1873
2142
2175
2179
2214
2325
2333
2346
2363
2383
2436
2439
2450
2516
2529
2610
2653
2659
2690
2876
2934
2975
2982
3186
3191
3192
3217
3244
3249
3479
3610
3674
3775
3855
3876
3944
4085
4120
4155
4279
4378
4395
4411
4416
4419
4448
4479
4488
4501
4553
4607
4636
4687
4692
4735
4792
4861
4871
4874
4973
4989
5063
5080
5131
5137
5180
5218
5227
5327
5363
5447
5450
5463
5492
5658
5736
5779
5813
5829
5870
5910
5962
6007
6030
6055
6144
6176
6207
6217
6316
6343
6398
6405
6436
6444
6592
6606
6613
6744
6763
6792
6836
6930
6948
7057
7090
7100
7125
7222
7391
7471
7499
7554
7565
7589
7598
7659
7741
7909
8027
8054
8099
8116
8175
8236
8248
8443
8577
8603
8604
8725
8810
8871
8911
8934
8973
9049
9184
9190
9468
9534
9553
9573
9605
9708
9714
9814
9910
9923
9995
10000
10027
10276
10348
10391
10490
10547
10560
10635
10774
10776
10876
10892
11121
11158
30
40
46
93
97
117
142
162
176
186
204
211
229
251
294
314
355
477
509
523
552
556
612
646
677
683
693
698
708
721
729
758
763
787
790
793
809
819
890
908
973
989
993
1080
1103
1183
1223
1238
1274
1304
1319
1365
1409
1411
1414
1430
1457
1472
1478
1486
1503
1521
1523
1602
1613
1622
1642
1650
1677
1678
1733
1745
1747
1755
1809
1829
1879
1884
1958
1992
1994
2009
2011
2068
2072
2168
2170
2199
2238
2240
2298
2299
2367
2392
2398
2402
2432
2440
2457
2471
2492
2508
2514
2518
2545
2551
2565
2618
2634
2674
2697
2702
2768
2785
2786
2796
2808
2855
2856
2878
2899
2905
2926
2930
2950
2960
2980
2988
3007
3039
3113
3115
3116
3138
3143
3153
3165
3182
3237
3260
3275
3299
3313
3317
3330
3352
3380
3400
3410
3427
3444
3462
3467
3498
3509
3524
3544
3575
3582
3591
3623
3625
3641
3671
3715
3720
3800
3863
3897
3928
3951
3954
3960
4004
4025
4062
4076
4096
4110
4216
4230
4235
4276
4294
4304
4335
4375
4393
4410
4426
4430
4431
4503
4536
4564
4581
4596
4603
4614
4621
4641
4642
4667
4676
4688
4722
4736
4748
4751
4789
4849
4870
4887
4907
4915
4931
4947
4949
4967
4972
4995
5026
5035
5039
5085
5132
5143
5172
5198
5200
5213
5231
5240
5242
5251
5280
5287
5331
5356
5376
5392
5404
5458
5464
5484
5525
5541
5544
5549
5551
5563
5622
5629
5662
5682
5685
5690
5720
5721
5727
5748
5767
5788
5792
5819
5827
5838
5839
5840
5844
5872
5876
5890
5897
5946
5947
5954
5981
6032
6050
6054
6070
6082
6086
6128
6158
6182
6264
6274
6374
6415
6442
6465
6469
6505
6512
6561
6604
6628
6700
6701
6715
6724
6727
6736
6816
6823
6824
6873
6894
6897
6913
6915
6925
7004
7007
7032
7039
7046
7117
7123
7146
7160
7162
7179
7200
7261
7264
7269
7293
7325
7349
7354
7389
7399
7434
7465
7482
7536
7557
7564
7566
7569
7579
7594
7601
7637
7645
7672
7717
7730
7789
7792
7808
7830
7855
7872
7929
7972
7983
7994
7997
8006
8010
8037
8041
8051
8072
8083
8126
8127
8167
8188
8251
8270
8275
8288
8291
8302
8345
8397
8400
8403
8429
8430
8438
8468
8518
8519
8535
8543
8557
8589
8619
8674
8683
8689
8701
8704
8708
8758
8767
8795
8843
8894
8896
8923
8965
8999
9003
9043
9069
9135
9149
9160
9182
9205
9218
9220
9236
9252
9260
9265
9303
9306
9320
9330
9332
9349
9366
9385
9393
9483
9490
9505
9512
9641
9649
9659
9672
9688
9718
9732
9734
9736
9807
9809
9817
9846
9856
9877
9911
9913
9914
9924
9926
9991
10067
10068
10083
10089
10097
10098
10117
10130
10146
10202
10284
10292
10297
10321
10339
10344
10373
10374
10379
10416
10426
10427
10430
10451
10455
10465
10474
10475
10494
10517
10535
10548
10584
10590
10610
10630
10648
10678
10707
10721
10729
10769
10797
10821
10829
10830
10836
10840
10879
10884
10918
10938
10946
10983
11028
11061
11072
11099
11167
11170
11172
11194
14
17
20
32
42
47
56
62
70
71
78
82
104
105
113
126
144
169
171
182
192
194
213
234
258
272
275
285
311
312
318
326
333
335
341
368
370
384
389
390
392
393
394
396
409
411
412
421
435
452
456
462
473
482
494
510
516
522
532
536
541
542
554
555
565
567
572
587
595
603
607
609
654
666
672
682
702
705
711
713
715
719
731
753
764
769
778
786
788
794
796
802
807
810
815
830
832
841
864
880
904
911
913
917
936
940
945
953
958
959
964
977
984
992
1001
1012
1016
1020
1034
1052
1054
1060
1061
1087
1090
1092
1094
1102
1112
1118
1133
1137
1138
1145
1153
1158
1165
1184
1195
1198
1209
1213
1214
1240
1244
1250
1256
1289
1290
1293
1320
1327
1347
1364
1378
1388
1389
1398
1422
1426
1440
1441
1475
1477
1502
1506
1573
1576
1595
1598
1600
1601
1603
1604
1608
1614
1626
1635
1641
1649
1653
1657
1671
1679
1700
1705
1707
1714
1718
1735
1752
1754
1760
1775
1780
1784
1786
1789
1806
1812
1824
1828
1830
1832
1861
1865
1889
1896
1908
1917
1919
1921
1928
1953
1987
1996
2007
2010
2024
2033
2036
2041
2045
2058
2065
2069
2070
2073
2079
2080
2084
2085
2105
2117
2127
2136
2147
2182
2184
2185
2187
2192
2201
2222
2225
2228
2249
