153
5114
2847
856
2659
5390
937
1188
1794
1819
2640
3271
3405
4764
8236
8401
10893
150
476
818
880
1424
1791
1855
1964
2589
2595
2674
2833
3122
3448
3544
3946
4035
4350
4410
4564
5062
5240
5353
5363
6158
6175
6420
6809
6944
6948
7222
7745
7909
8065
8875
9043
9252
9300
9714
9943
10584
10868
11061
11083
8
82
142
328
394
734
921
1152
1275
1409
1416
1612
1730
1764
1784
1992
2175
2179
2214
2693
2930
2982
3007
3380
3437
3775
3781
3854
4008
4120
4333
4372
4395
4421
4440
4553
4572
4687
4720
4793
4816
4931
5000
5068
5165
5198
5200
5231
5251
5586
5595
5601
5829
5837
6005
6055
6070
6105
6172
6207
6311
6398
6405
6413
6431
6736
6913
7231
7471
7536
7547
7598
7737
7817
8028
8054
8138
8519
8543
8603
8604
8829
9146
9186
9397
9809
9817
9850
9990
9995
10284
10373
10483
10569
10635
10648
10677
10876
10890
11084
9
43
227
229
313
512
523
533
577
629
675
689
708
729
735
751
758
763
786
790
806
840
890
919
965
1183
1246
1334
1340
1363
1388
1411
1481
1486
1524
1577
1651
1714
1716
1742
1861
1958
2009
2040
2075
2085
2115
2142
2168
2300
2325
2386
2508
2539
2653
2730
2786
2876
2905
2926
3013
3107
3143
3150
3186
3191
3192
3244
3274
3278
3299
3373
3406
3410
3444
3461
3467
3471
3506
3554
3671
3809
3855
3876
3951
4000
4062
4096
4107
4110
4153
4160
4276
4294
4360
4378
4426
4448
4479
4519
4539
4607
4642
4703
4722
4798
4851
4871
4878
4887
4942
4972
4973
4995
5035
5120
5213
5218
5236
5250
5541
5551
5582
5629
5710
5773
5818
5870
5896
5910
5979
6032
6086
6176
6198
6292
6316
6415
6436
6622
6687
6700
6705
6744
6763
6915
6930
6969
7117
7125
7153
7163
7179
7354
7391
7528
7557
7564
7565
7594
7637
7659
7740
7741
7789
7830
7860
7888
7952
8010
8042
8099
8116
8184
8188
8204
8269
8302
8310
8335
8345
8400
8438
8443
8501
8525
8557
8577
8689
8734
8769
8793
8810
8851
8871
8934
8935
9049
9117
9135
9177
9184
9191
9205
9319
9381
9385
9471
9505
9529
9534
9547
9553
9593
9645
9814
9877
9910
9945
10051
10068
10089
10146
10193
10339
10344
10348
10387
10417
10451
10473
10490
10574
10717
10721
10819
10853
10873
10892
10924
10966
10985
11009
11102
11158
11167
11172
11194
40
46
47
115
117
149
176
182
193
204
254
285
309
312
326
335
353
373
389
390
392
412
437
467
477
494
509
541
552
556
639
646
650
677
693
707
715
769
808
809
819
839
885
900
911
913
973
977
984
1005
1015
1042
1052
1080
1133
1138
1171
1184
1238
1269
1288
1301
1304
1320
1327
1389
1414
1425
1426
1441
1472
1478
1502
1516
1589
1648
1677
1678
1724
1733
1747
1752
1755
1829
1832
1835
1884
1891
1896
1940
1950
1961
1987
1988
1994
2029
2033
2068
2069
2080
2084
2123
2134
2137
2158
2170
2201
2240
2258
2263
2298
2314
2327
2328
2329
2346
2383
2389
2395
2398
2399
2402
2404
2413
2427
2432
2440
2450
2477
2492
2518
2529
2545
2551
2580
2618
2625
2648
2649
2690
2705
2779
2785
2796
2798
2808
2827
2850
2856
2861
2899
2927
2948
2988
3024
3038
3040
3113
3153
3163
3165
3182
3210
3217
3255
3268
3276
3302
3304
3313
3317
3322
3327
3330
3339
3348
3352
3386
3400
3402
3443
3452
3457
3479
3486
3491
3494
3498
3509
3575
3578
3582
3586
3591
3594
3607
3625
3641
3646
3679
3687
3693
3701
3715
3720
3785
3800
3869
3928
3940
3944
3954
3957
3959
3967
3981
3994
3995
4001
4025
4034
4053
4058
4067
4155
4166
4216
4278
4304
4311
4362
4375
4393
4416
4419
4430
4431
4434
4438
4449
4469
4488
4503
4529
4536
4581
4614
4636
4641
4688
4715
4736
4757
4789
4790
4792
4811
4849
4863
4872
4893
4947
4954
4957
5013
5063
5085
5118
5119
5131
5137
5146
5148
5172
5180
5204
5227
5277
5280
5287
5327
5328
5331
5356
5367
5378
5380
5392
5404
5420
5428
5429
5441
5450
5463
5464
5492
5493
5496
5501
5544
5549
5589
5599
5612
5615
5634
5640
5658
5662
5663
5677
5680
5682
5685
5690
5718
5720
5721
5736
5743
5748
5767
5788
5824
5834
5839
5847
5855
5875
5876
5890
5935
5946
5947
5948
5954
5981
5982
5998
6007
6008
6054
6084
6095
6108
6116
6128
6141
6167
6213
6275
6282
6289
6318
6367
6382
6389
6397
6411
6481
6512
6522
6537
6538
6547
6556
6587
6628
6660
6670
6676
6701
6724
6730
6735
6792
6824
6832
6833
6845
6846
6855
6873
6880
6882
6889
6893
6894
6897
6914
6925
6974
6991
7007
7012
7026
7037
7057
7092
7123
7140
7160
7173
7199
7200
7214
7264
7269
7303
7312
7335
7343
7349
7399
7422
7482
7499
7554
7615
7620
7623
7626
7645
7658
7661
7710
7717
7792
7808
7824
7837
7851
7855
7892
7929
7936
7981
7994
7997
8018
8027
8037
8041
8043
8072
8097
8113
8123
8126
8134
8135
8137
8156
8157
8167
8175
8200
8206
8242
8248
8256
8270
8272
8275
8291
8366
8382
8397
8403
8429
8430
8524
8535
8555
8589
8594
8622
8633
8636
8650
8661
8667
8694
8701
8704
8708
8718
8746
8758
8772
8865
8896
8911
8913
8951
8965
8973
8999
9069
9080
9119
9150
9182
9190
9220
9223
9236
9260
9265
9283
9303
9306
9320
9332
9333
9355
9365
9366
9376
9394
9433
9452
9461
9468
9483
9490
9492
9507
9523
9531
9555
9590
9649
9672
9688
9704
9705
9707
9708
9736
9737
9790
9856
9860
9863
9865
9911
9913
9914
9923
9924
9926
9927
9930
9958
9968
9991
10000
10019
10031
10045
10067
10070
10097
10123
10177
10199
10258
10275
10292
10309
10314
10321
10325
10355
10374
10390
10391
10426
10430
10438
10459
10474
10475
10494
10535
10547
10548
10560
10564
10576
10657
10704
10707
10711
10723
10748
10767
10797
10812
10832
10836
10861
10862
10879
10885
10907
10916
10920
10951
10977
10983
10993
11001
11034
11037
11039
11072
11094
11111
11121
11151
11170
2
20
42
56
62
70
78
93
97
104
113
126
144
146
157
160
162
171
177
192
194
195
196
203
213
215
216
217
225
230
234
239
247
251
258
272
275
283
291
294
295
311
330
333
339
341
348
355
364
374
376
383
384
391
393
401
409
410
421
430
435
441
446
454
456
463
472
473
482
490
508
510
514
518
532
535
536
542
544
545
550
554
555
566
567
587
592
