0.996255067011
0.995720643326
0.994296389786
0.993406639593
0.991984043033
0.991806268251
0.990739954148
0.989851797205
0.989674213613
0.988077012838
0.986481007
0.985949212176
0.985417560745
0.984886068639
0.984354703993
0.983646440853
0.981346521446
0.980639341715
0.980462586614
0.980109124209
0.978872555461
0.977989735904
0.977283767043
0.976401680381
0.975343698972
0.974991160652
0.973229616189
0.973053530252
0.97199744481
0.971117779887
0.969886867176
0.969711083956
0.969359565316
0.968129799744
0.96795417585
0.967076311299
0.966198876925
0.965847995584
0.96497107105
0.964269866005
0.963744093665
0.963218464717
0.962517896972
0.961117446579
0.960592534594
0.960242672932
0.959717999934
0.958669100047
0.958319588901
0.957446089853
0.956922181615
0.956572989118
0.955874811248
0.955002443407
0.954130457947
0.952736348688
0.9516912726
0.950646770082
0.950298724725
0.950124725945
0.948907228395
0.948385678165
0.948211854643
0.948038047053
0.947516719879
0.947169248092
0.946648159905
0.945780014176
0.945432861039
0.944565304812
0.94421837473
0.943871508378
0.943524705755
0.941964946344
0.941791712324
0.941618494236
0.941445292082
0.941272105859
0.940752642787
0.940579520294
0.939887189649
0.939714146819
0.939541119922
0.938676240354
0.938503309052
0.938157494244
0.937293283841
0.936602164066
0.935565978311
0.935220705208
0.934702915048
0.93418526828
0.933495295644
0.932633188331
0.931943789265
0.93177147933
0.931599185327
0.931254645119
0.929532931894
0.929360845014
0.928156682962
0.927812780053
0.926781469641
0.926437821653
0.925922469165
0.9252355715
0.924548912824
0.924377287986
0.923862509067
0.922833381407
0.922661915894
0.922490466314
0.92214761495
0.921119459172
0.918723052574
0.917867828099
0.917183909811
0.916500262376
0.916158526288
0.914792282962
0.914280180703
0.913768221835
0.912915323504
0.912403747017
0.911551454121
0.910529225231
0.909507585843
0.909167156219
0.908656631277
0.908486488161
0.907465995913
0.907125948669
0.906955948945
0.906446061302
0.905936317052
0.905087035397
0.904238152055
0.903559348098
0.902880783129
0.902711181718
0.90220247308
0.902032935399
0.901693907834
0.901524417951
0.901354944
0.900846617742
0.899830411335
0.899491798015
0.898307248865
0.898138077631
0.89796892233
0.89729246045
0.89661625349
0.89594030145
0.895771353272
0.894758014714
0.894082763704
0.893407767614
0.892564380982
0.891384372593
0.890710396183
0.889699957339
0.889531598663
0.889026618228
0.888858323282
0.888690044268
0.888521781187
0.888185302821
0.888017087537
0.887848888186
0.887680704767
0.88751253728
0.884993179617
0.884825267051
0.884489489715
0.884321624946
0.883985943206
0.883650325195
0.883314770914
0.882979280364
0.882643853543
0.882476164031
0.881973191091
0.881637955461
0.88130278356
0.881135221508
0.880967675389
0.879962749189
0.879795314597
0.879627895938
0.879460493211
0.879293106417
0.87879104163
0.878289136167
0.877954601566
0.877787358164
0.877285723554
0.876951380143
0.876784232336
0.87644998452
0.876115800434
0.875781680078
0.875447623452
0.875280619037
0.875113630555
0.874445851886
0.873778312203
0.873444637957
0.872944246081
0.872777480654
0.87261073116
0.872110578272
0.871943892507
0.871777222675
0.871110702673
0.870777538266
0.869944922001
0.86977844336
0.869445533873
0.869279103029
0.868946289137
0.86877990609
0.868447187793
0.86711728649
0.866784886843
0.866618710918
0.866452550926
0.86612027874
0.865954166545
0.865289893024
0.864625858491
0.864293936819
0.863962078877
0.863464411458
0.862303792915
0.861309605217
0.86081271849
0.860647116135
0.860315959223
0.859984866041
0.859819343349
0.859322870867
0.858991968875
0.858495751313
0.857669061937
0.857173210822
0.856842723075
0.8566775031
0.855851690011
0.855686565631
0.855521457183
0.855356364669
0.854861182719
0.854531141081
0.854201163174
0.853706315807
0.853541398549
0.853046758304
0.852717067182
0.852552245519
0.852387439789
0.851728392127
0.851234277654
0.851069599384
0.850904937047
0.850740290642
0.850411045629
0.849588243781
0.848601385031
0.848272554263
0.848108162778
0.847943787225
0.847779427605
0.846465172012
0.846300955784
0.846136755489
0.845480113633
0.845315993
0.844823726697
0.844167642479
0.843839672066
0.843020040785
0.842364609799
0.842200791883
0.8420369899
0.841545679547
0.841381941294
0.840890822131
0.840563489018
0.839909029914
0.839745450986
0.839254809797
0.837947182122
0.837620422578
0.836803898133
0.836640621923
0.836477361645
0.8363141173
0.835824495791
0.835335001742
0.835008752038
0.834682566065
0.834193406598
0.83386737995
0.832726884148
0.832238298251
0.830773576173
0.830122924936
0.829472544551
0.829309985303
0.829147441987
0.828659907635
0.828172532608
0.827685285041
0.827198180866
0.825413805137
0.82444114224
0.824117027491
0.822983223337
0.822659395373
0.822011930635
0.820717941175
0.820071257129
0.81942481207
0.819101685135
0.818455622456
0.81748705421
0.817002961277
0.816841628831
0.816357727088
0.815873968737
0.815712747819
0.815551542833
0.814745804687
0.81377940326
0.81329640967
0.81265264127
0.812491739001
0.811848305184
0.811687482578
0.811205126287
0.810883624467
0.810722897455
0.810562186377
0.810080164668
0.809598286352
0.809277103182
0.808634928032
0.808474424075
0.808313936052
0.807672143281
0.806389561488
0.806069015618
0.805908766581
0.805748533478
0.805267945693
0.804627363793
0.803667128242
0.803507118193
0.803347124076
0.803187145892
0.802707306935
0.802547392481
0.80238749396
0.801588288137
0.801108927155
0.800470018167
0.800310326768
0.799990991767
0.799831348166
0.799352512956
0.799033369145
0.798873821139
0.798714289065
0.798395272714
0.797916867682
0.797757431202
0.797438606042
0.796960487794
0.79680114691
0.796163958631
0.79584545212
0.795049512459
0.794890362765
0.794731229003
0.794572111174
0.794094853281
0.793935799182
0.793776761015
0.793617738781
0.792981856967
0.792822914395
0.79218735123
0.791710826232
0.791393211941
0.791234428694
0.790916909998
0.790599455032
0.790282063796
0.790123392077
0.78996473629
0.789171712275
0.789013152084
0.787745419376
0.787587002576
0.787270216775
0.787111847773
0.786953494704
0.786320257683
0.786161984276
0.786003726802
0.78568725965
0.785054516537
0.784263993925
0.78410592764
0.783947877288
0.783157912313
0.779218220503
0.778745598967
0.77858809032
0.778430597605
0.778273120823
0.777643388951
0.777328610644
0.776856562678
0.776541943696
0.776070150649
0.775912912854
0.775755690992
0.775441295065
0.775126962867
0.7748126944
0.774184364588
0.773085388869
0.772771534647
0.772614631435
0.772144033325
0.771830370293
0.771046539328
0.770419739036
0.769949794158
0.769793177731
0.769636577236
0.769166887279
0.768853829681
0.768697324781
0.768540835814
0.768071464506
0.767915039268
0.767289513576
0.766976838358
0.766507945025
0.766351679113
0.766195429133
0.766039195085
0.764789975937
0.762606427474
0.762294708206
0.761827248798
0.761671460861
0.761359932783
0.758095460118
0.757629291242
0.757163265759
0.757007955796
0.756697383668
0.756386875269
0.756076430601
0.755455748387
0.755145494908
0.752667211218
0.752512363298
0.751738362682
0.751583610357
0.750810103649
0.75050080612
0.749882450051
0.749264301103
0.749109803698
0.748646407076
0.7484919734
0.748337555657
0.747874398022
0.747720044009
0.747565705929
0.74741138378
0.747102787282
0.746948512931
0.746640012027
0.746485785474
0.746023201409
0.745714891695
0.745560760737
0.745098463457
0.744944396229
0.744790344933
0.744174299075
0.743404648031
0.743096880022
0.742789175743
0.742635347502
0.742173958375
0.74171271264
0.741558995926
0.741405295146
0.741251610297
0.740944288398
0.739869259219
0.739715733696
0.739408730446
0.739255252721
0.738641548939
0.737874813542
0.737568192673
0.737414906137
0.737108380862
0.736648728377
0.734200334047
0.734047398026
0.733588685558
0.733130116482
0.732977291988
0.732824483427
0.732518914102
0.732366153339
0.732213408507
0.731755285541
0.731449939272
0.731144656732
0.730381729201
0.729771721759
0.729161937371
0.729009527122
0.728552407904
0.728400061385
0.727943133356
0.727638583711
0.727181878737
0.726573177759
0.726268914899
0.726116807368
0.725964715769
0.724748652143
0.724444771663
0.724292855321
0.723685397078
0.723533560399
0.723229934839
0.722774631924
0.722167763184
0.721864424408
0.721409551671
0.720803272433
0.720651738471
0.720500220442
0.720197232181
0.719742885217
0.719137307008
0.718834605532
0.718229409704
0.718078146595
0.716717941685
0.71626467813
0.715660549778
0.715509557522
0.715358581197
0.714754835226
0.714453057835
0.713096039424
0.712643938941
0.712493265334
0.712191965918
0.711740136288
0.711589558276
0.710836955002
0.710385555549
0.709934299488
0.709332863728
0.709032233477
0.708581423526
0.708431180097
0.707980561336
0.707530070035
0.706629613206
0.706479576899
0.706029563573
0.705729634352
0.70557969364
0.705129967099
0.702884409365
0.702435543179
0.701986836318
0.701538272849
0.700940405968
0.700492161149
0.700193410932
0.700044059722
0.699446830141
0.699297558594
0.69884985548
0.698700647662
0.698253119806
0.697954847564
0.697805735341
0.697358510202
0.69720946171
0.696613442998
0.696166584306
0.695719869007
0.695570995772
0.694380758721
0.694083314969
0.693637268834
0.693488618654
0.693191366092
0.693042763709
0.693042397262
0.692893810812
0.69244816299
0.69170580431
0.691557361253
0.69096376428
0.690815400885
0.690518721893
0.689777398825
0.689480942888
0.687408125267
0.686668427314
0.686372640541
0.686076917498
0.685929079875
0.685042404655
0.684599274167
0.684451595869
0.683861042003
0.683123255949
0.682975736977
0.682828233936
0.682533275653
0.68194356621
0.681648799117
0.681501439469
0.681354095754
0.681206767971
0.680470463639
0.680323231452
0.680176015196
0.679734477958
0.679587325432
0.67944018884
0.679293068179
0.679145963451
0.678704744863
0.6784106788
0.677969699198
0.677528878922
0.677235067779
0.676941320365
0.676647636682
0.676354016729
0.676207230651
0.675620261596
0.675326864698
0.675033531529
0.674740262091
0.674153914404
0.673567837569
0.670206097022
0.670059980109
0.669913879128
0.669037703421
0.668891713968
0.668745740447
0.668453841204
0.66816200569
0.668016111831
0.667286977123
0.667141178859
0.666995396529
0.666558145131
0.666412426531
0.666266723862
0.665829727385
0.665684088447
0.665538465441
0.665101692018
0.664083350657
0.663792471093
0.66335627124
0.663210903155
0.662774910424
0.662193788596
0.661758114515
0.661322583828
0.661032309698
0.660742099299
0.660597017998
0.660161885622
0.659436957092
0.657988629552
0.657409610813
0.657120197038
0.656975514049
0.65668619587
0.656541560678
0.656252338094
0.6561077507
0.655529576383
0.654951641053
0.654373976576
0.654229596305
0.653652250478
0.653507949869
0.653363665193
0.652066154652
0.6519220293
0.651777919882
0.65134568722
0.651201641531
0.65076960006
0.650625618101
0.65019376782
0.649905947295
0.649474351933
0.649330513367
0.648899093263
0.648755318426
0.648467816551
0.648036683232
0.6458835977
0.645596733125
0.645023211096
0.644593224917
0.644020148998
0.643733698668
0.64301785166
0.642874730056
0.642159376955
0.64187334087
0.641730346726
0.641587368514
0.641444406235
0.640872732376
0.640444148256
0.639444798429
0.639159367778
0.639016676352
0.638731341296
0.638303474138
0.638160878306
0.63787573444
0.637305685696
0.63702073302
0.636593423499
0.636166257372
0.636023900527
0.635881559615
0.635170189639
0.634743517418
0.634601319899
0.634459138312
0.633890587222
0.633464329246
0.63332227512
0.632612259405
0.632044520872
0.631760747201
0.631618884264
0.631193406981
0.631051607774
0.630909824499
0.630626305748
0.630059507232
0.629917835485
0.629492931772
0.629068155518
0.627653604867
0.627512203973
0.626523003145
0.626240472209
0.626099230639
0.625816795297
0.625393277711
0.625252131736
0.624828789407
0.624687707162
0.624264556023
0.624123537509
0.623700577559
0.623559622775
0.623418683922
0.622995962961
0.622855087838
0.622150967147
0.621728676363
0.621025192971
0.620884540904
0.620603284567
0.620462680297
0.620181519555
0.619759897935
0.619478896518
0.619338419708
0.619197958831
0.618495909364
0.618355544081
0.618215194731
0.617934543829
0.617934400437
0.617653813264
0.617373289822
0.61709283011
0.616952624152
0.615971740087
0.61583166159
0.615411521692
0.614711623112
0.614571688007
0.614291865595
0.613732411959
0.613452780737
0.612195276691
0.611357673555
0.61121812083
0.611078584037
0.610520596191
0.610241697864
0.609962863266
0.609405401192
0.609266071522
0.609126757784
0.608569662158
0.60801286925
0.607456299396
0.607178102098
0.60689996853
0.606760925645
0.606760782252
0.606343749191
0.605926859523
0.605787928165
0.604538358502
0.604122090201
0.603983365965
0.603844657662
0.603705965292
0.60301275836
0.602042931447
0.601904446199
0.60148908605
0.600797137785
0.600520470006
0.600243865958
0.599552682452
0.599276301459
0.598999984195
0.598861849462
0.598447540858
0.598309469855
0.598033375646
0.596516713634
0.596378865685
0.596103217587
0.595689880864
0.595276671602
0.594725948975
0.594037920103
0.593075485868
0.59266320069
0.592525798852
0.592251042973
0.591976350824
0.591701722405
0.591564432094
0.591427157716
0.59128989927
0.591152656756
0.591015430176
0.590741024811
0.590740977014
0.590055290219
0.589096169943
0.588822210689
0.588822162891
0.588411359436
0.588274451505
0.588137559506
0.58800068344
0.58759016677
0.587043028953
0.586769547674
0.586496130124
0.586359445248
0.586086123294
0.585949486215
0.585676259856
0.585539670575
0.585403097226
0.58526653981
0.585266396418
0.585129854934
0.584993329383
0.584856819764
0.584720326078
0.584447386504
0.584447338706
0.583765364183
0.583628997957
0.583492647663
0.583492631731
0.582947437679
0.582402466682
0.582266259781
0.582130068812
0.582129941352
0.581993766316
0.581857607212
0.581449241428
0.581313146055
0.581177066614
0.581177018816
0.580496956192
0.580360972346
0.580225004432
0.580089052451
0.579545419784
0.579409547465
0.579137850625
0.579002026104
0.578730424859
0.578594648135
0.577916099098
0.577780417969
0.576966697644
0.576695574374
0.576695494711
0.576288929299
0.576017965354
0.57588250728
0.575747065139
0.573313121582
0.572637679382
0.572502619621
0.572367575792
0.572232547895
0.572097535931
0.571692611567
0.571557663333
0.571422731031
0.570883177082
0.570613487737
0.570343862121
0.570209073212
0.569804818012
0.569535383586
0.568458458441
0.568054824608
0.567651334168
0.567382409582
0.567247971188
0.567113548726
0.5668447516
0.566576018204
0.566173053537
0.566038758535
0.565501753785
0.565233339039
0.564830836414
0.564696700737
0.564562580993
0.564428477181
0.564294389302
0.564026261341
0.563758197109
0.563490196608
0.563088331283
0.56268660935
0.561883595661
0.561749810499
0.561348550608
0.561214829176
0.561081123677
0.56094743411
0.560279320858
0.560145726886
0.560012148846
0.559745040565
0.559611510323
0.558544176539
0.558144079721
0.558010740669
0.557744110362
0.557344300328
0.557077829347
0.5566782583
0.556678146773
0.556145634987
0.55587945079
0.555746382591
0.555480293989
0.555347273587
0.554948323908
0.554682426496
0.554416592814
0.554283699872
0.554150822862
0.554017961785
0.553619490081
0.553486692734
0.553353911319
0.55295566267
0.552822944985
0.552557557413
0.552292233571
0.552159595549
0.552159324697
0.55189409645
0.551893873395
0.551628708878
0.551496150518
0.551496070856
0.551363528428
0.551098491371
0.550833518044
0.550568608447
0.550171379478
0.550038996375
0.549774277968
0.549377319851
0.549112760769
0.548583881592
0.5483195137
0.548055209537
0.547790969105
0.547658872787
0.546998725783
0.54686672506
0.546470834421
0.545943229843
0.545811356581
0.545679499251
0.545152277053
0.545020499386
0.544888737651
0.544756991848
0.544361850036
0.544098501823
0.542257310817
0.541994472444
0.541600334379
0.54055014396
0.54041892393
0.540156531667
0.539763078699
0.539500845761
0.53936975319
0.539238676553
0.538845558167
0.538714545259
0.538452567241
0.538190652953
0.538059719708
0.537797901015
0.537405292469
0.537143633101
0.537012827316
0.536882037463
0.536751263543
0.536097632928
0.535966954603
0.535313849761
0.535183267031
0.535052700233
0.534791614435
0.534661095434
0.534400105231
0.534269634028
0.53400873942
0.533878316014
0.533747908541
0.533096205759
0.53257510164
0.532444853492
0.532184404993
0.532184357196
0.532184309398
0.531793772077
0.531533482903
0.531143184569
0.531013111679
0.530883054721
0.530622988602
0.530103095352
0.530102856365
0.529713067871
0.528285181722
0.527377459675
0.527247848826
0.527118253911
0.526729564759
0.526600033573
0.526341018999
0.526082068155
0.525952616632
0.525693761383
0.525434969864
0.525305598003
0.525176242075
0.525046902079
0.524788269885
0.524658977687
0.524400441088
0.524141968219
0.524012755683
0.52388355908
0.523625213671
0.523237815051
0.522979628967
0.522721506612
0.522463447988
