0.996255067011
0.995364440532
0.994296214528
0.993228578027
0.991983756248
0.991805981467
0.991450479702
0.989141446908
0.988254006927
0.987366965259
0.986657618709
0.985594172454
0.984708341655
0.983115060274
0.982761119894
0.981876547762
0.981169176842
0.979931907065
0.979401880748
0.978518822204
0.977812662153
0.977106772955
0.976224765955
0.975519434394
0.974638128424
0.974285717563
0.973052829222
0.971996648185
0.971820673776
0.970765177837
0.970237652922
0.969886038686
0.969710255467
0.968304627013
0.967953363292
0.967602163301
0.96725102704
0.966373481139
0.965145579669
0.963568310446
0.962167127158
0.961992044969
0.961116873009
0.960242099362
0.95936773996
0.958493810735
0.958144331454
0.957794915903
0.957620232026
0.956921655843
0.956747051628
0.956048794095
0.955699760923
0.95500188577
0.953432662456
0.953258376892
0.952038887779
0.951864729675
0.951690587502
0.951342350956
0.950646116849
0.950472086205
0.949602219766
0.948558864388
0.948211201411
0.948037393821
0.947863602164
0.946821202735
0.946647522605
0.945779360944
0.945605776409
0.945085118399
0.944564619715
0.94404424849
0.943697414003
0.943350643246
0.943177281766
0.942657292921
0.942137447469
0.941964197517
0.940925048317
0.940578787399
0.940059515517
0.939886456755
0.939713413925
0.93902140193
0.938156745417
0.936774458069
0.936428961911
0.935738160786
0.935392855818
0.934529872218
0.934357323295
0.934184790305
0.934012273247
0.932977521416
0.930565724028
0.930393541553
0.929360797216
0.92867260902
0.927640900296
0.927468988673
0.927125213225
0.926781501506
0.92386277992
0.92300516557
0.922662218611
0.921291115875
0.920434712395
0.919578675362
0.918551969441
0.918209850973
0.917867796234
0.917525805225
0.917183877946
0.917012938206
0.915816853929
0.915304464884
0.914792219232
0.914621502546
0.914280116973
0.913085864932
0.912233237454
0.910699686997
0.910529352691
0.909848174792
0.909167267747
0.908997076833
0.908486599688
0.908316472505
0.90780618655
0.907636123096
0.90695604454
0.906616092891
0.905426859587
0.905257019188
0.904747593588
0.903729188497
0.903220209006
0.900847063851
0.900000219868
0.899322993229
0.898646037442
0.898138475943
0.897631057837
0.896954723418
0.896616651803
0.89560283527
0.89492726561
0.89425195087
0.89357689105
0.893408165926
0.892564779295
0.89222753617
0.892058938506
0.891384707175
0.890373885952
0.88986866653
0.889700291922
0.88919526369
0.889026952811
0.888522115769
0.88835386862
0.888185637404
0.88801742212
0.887849222768
0.887681039349
0.887008464998
0.886840361242
0.886000129244
0.885832121083
0.885664128854
0.884824454494
0.88465655786
0.884488677158
0.884320812389
0.884152963552
0.883985130648
0.883817313677
0.883313958357
0.88281074643
0.882643040986
0.882475351474
0.881972394467
0.881134440816
0.88079936451
0.880631850256
0.880296869545
0.879124954863
0.878455630741
0.878121064275
0.87761933407
0.877284926929
0.877117747257
0.876783435711
0.876449187895
0.875947935665
0.875613847174
0.875446826827
0.874945861381
0.874445055261
0.873777531511
0.873110246748
0.872776699962
0.872609950468
0.872276499276
0.871609804016
0.871443166049
0.871109937913
0.870610215202
0.87044367283
0.870277146391
0.869777662667
0.869111923357
0.86877914133
0.868280103717
0.867781209496
0.867614937976
0.866950027155
0.866617659374
0.866119227195
0.865454921809
0.864956824213
0.864458870009
0.864292917139
0.863961059197
0.863463407711
0.863297550436
0.862634280662
0.861805567859
0.861639869909
0.861474187892
0.860811666946
0.859156599348
0.858991156318
0.858494938756
0.858164196089
0.855521297858
0.855356205344
0.855191128761
0.855026068111
0.854861023394
0.854365984837
0.853706156482
0.853541239224
0.853376337899
0.852716907857
0.852552086195
0.852387280465
0.852222490667
0.85189295887
0.851398780667
0.850740115384
0.850410870372
0.848601512491
0.847943930618
0.84761522731
0.847614940525
0.847286300947
0.846629260779
0.846300812392
0.845808259303
0.84515176084
0.843020725882
0.842201492913
0.84187390488
0.841055245481
0.840891555026
0.840073389534
0.839255622354
0.839092107157
0.838601657158
0.838274770155
0.838111350552
0.837621187338
0.837294491525
0.837131167517
0.836967859441
0.836804567298
0.836641291088
0.836314786464
0.83566198434
0.835172538089
0.83484632025
0.834683235229
0.834357112986
0.834194075763
0.833868049114
0.833053309109
0.832076105451
0.831750493047
0.831587710744
0.83109945943
0.830611351508
0.830448680732
0.829798156954
0.82882289706
0.828335458303
0.828173010583
0.828010578794
0.827198658841
0.827036322648
0.826874002387
0.826062656003
0.825738222604
0.825413852935
0.825089546996
0.824927417925
0.824441126308
0.824279060967
0.824117011558
0.823792960539
0.823630958928
0.823307003504
0.822659299778
0.822497409695
0.822011850972
0.821850024619
0.821364641154
0.820879401081
0.820394304401
0.820070986276
0.819586128583
0.819262969784
0.819101414283
0.818939874714
0.818455351604
0.818293875766
0.817809543845
0.817648131736
0.81748673556
0.817325355317
0.816679993668
0.816518693087
0.816357408438
0.815551240115
0.815390051062
0.815228877941
0.814584360714
0.814262189729
0.813779052746
0.812009223385
0.81168756224
0.811044447073
0.810080387723
0.809919740374
0.809598493474
0.809437893923
0.808956190864
0.808795655043
0.807993230856
0.807351565546
0.80719118905
0.806549842389
0.805107919712
0.804467401541
0.804147238051
0.80350710226
0.803347108144
0.80318712996
0.802867221389
0.802707291003
0.801748091064
0.801268698217
0.801108927155
0.80078943283
0.800310310835
0.800150635369
0.799671704564
0.799512092828
0.799033353213
0.798714273132
0.798554756991
0.798076304161
0.797279249225
0.796960519659
0.796641853824
0.796163974564
0.795686238696
0.795527025272
0.79536782778
0.794572095242
0.794253907381
0.794094837349
0.793299726178
0.793140751741
0.792822850665
0.792346118545
0.792187239703
0.792028376794
0.791393100414
0.791075549853
0.789171664478
0.788696047632
0.788220558247
0.78806209365
0.787903644985
0.787428394587
0.786953303514
0.7864783399
0.786320050561
0.786161777154
0.785370744701
0.785212566889
0.784896259063
0.784105816113
0.783947765761
0.783631712854
0.7834737103
0.783315723677
0.782841875339
0.781421302205
0.780948027436
0.780002035536
0.779844399428
0.779686779254
0.779529175012
0.779371586702
0.778583931938
0.777954072607
0.777796643622
0.77763923057
0.77748183345
0.777324452263
0.777167087008
0.777009737686
0.776380515655
0.776223245995
0.776065992267
0.775908754473
0.775437136683
0.775122804486
0.774808536019
0.774337268745
0.774180206207
0.773552131315
0.773238181498
0.772767376266
0.772296714426
0.772139859011
0.771355868722
0.771199108902
0.770728925037
0.770102252205
0.769945619845
0.769475834292
0.7690061762
0.768849655367
0.768693150467
0.7685366615
0.768380188465
0.767754503447
0.767598110075
0.767441732635
0.765099225668
0.76447487898
0.764474767452
0.764318708662
0.763694648759
0.763538669632
0.763226759174
0.763070827843
0.762914912446
0.762603129448
0.762135590377
0.761823966704
0.761668178767
0.760889525863
0.76073383352
0.760266852087
0.760111223474
0.759644433231
0.758866784074
0.758555829566
0.758244938788
0.757002188233
0.756846894202
0.756225893338
0.75607067897
0.755139743278
0.754829553529
0.754519427511
0.75405437391
0.753899382597
0.753744407216
0.75327957667
0.75266007346
0.75250522554
0.751886009115
0.751421752139
0.75111232715
0.750957638554
0.750802965891
0.750339043497
0.750029841563
0.74972070336
0.749566158157
0.749411628886
0.748948136669
0.74863922152
0.748175968291
0.747867212467
0.747558520373
0.747404198225
0.747249892009
0.746787068957
0.746632826472
0.74617019461
0.745399476089
0.745091293835
0.744783175311
0.744629139947
0.744321117018
0.744167129452
0.743397478409
0.743089710399
0.742935850294
0.74278200612
0.742628177879
0.742320569195
0.742166788752
0.741705543017
0.741398125523
0.740937134708
0.740629876538
0.740322682099
0.739862009934
0.739248019368
0.738634267789
0.738480869726
0.738327487595
0.73802077113
0.737714118396
0.737560815927
0.737101020049
0.736947781311
0.736335001614
0.736181842538
0.735875572184
0.735416286146
0.735110175116
0.734804127816
0.734651128065
0.734345176361
0.733580575918
0.733427703626
0.733274847268
0.7300712686
0.729918762756
0.728394755864
0.728090110624
0.727785529114
0.727633262257
0.72702437009
0.726720011635
0.725959410248
0.723377740596
0.723225935782
0.723074146901
0.722163748195
0.721860409419
0.721102357232
0.720799241511
0.72064770755
0.720496189521
0.720344687424
0.72019320126
0.720041731029
0.719587415929
0.719436009427
0.719284618858
0.719133244222
0.718981885518
0.718830542746
0.718376610026
0.718074067876
0.717922820699
0.717620374143
0.717469174764
0.717317991318
0.717015672222
0.716864536573
0.716713416856
0.716109097315
0.715354104166
0.715203143774
0.714901270789
0.714599461533
0.714297716007
0.714146867143
0.713543678808
0.713392909606
0.713242156337
0.712940697596
0.712338019101
0.711886157606
0.71158498565
0.711283877424
0.710832350511
0.710380951058
0.7093283389
0.709178015808
0.708727142127
0.708426639336
0.708276411839
0.707675708974
0.707525561139
0.707375429237
0.706775076887
0.706474988341
0.706024975015
0.705875002438
0.705725045793
0.705275287387
0.704825672374
0.704675827257
0.703777107069
0.703477655823
0.703178268306
0.702729306525
0.702579684463
0.702430078333
0.701981355539
0.70183181314
0.701682286673
0.701233802866
0.701084340129
0.700785462452
0.700636047513
0.700187914221
0.69959062091
0.69944133343
0.699292061883
0.699142806268
0.698993566586
0.698695135019
0.698098510873
0.697651190138
0.697502109781
0.697353045356
0.697203996864
0.696905947677
0.69660796222
0.696310040493
0.696161103528
0.696012182496
0.695714388229
0.695416657691
0.695267816322
0.695118990884
0.694821387807
0.694375102685
0.694226372843
0.693631660596
0.693037171403
0.692888584954
0.691997464566
0.691848989644
0.691255297077
0.690958522489
0.690365164504
0.689772077372
0.689623841437
0.689475621434
0.689327417364
0.689031057022
0.688438543459
0.687994313629
0.687846268884
0.687698240071
0.687254249228
0.686958334996
0.686071022475
0.685775363162
0.685627557405
0.685479767579
0.685184235727
0.684445716778
0.683855162912
0.683707564277
0.683559981574
0.683412414804
0.683117329061
0.682822307048
0.682085046767
0.681642888161
0.681495528513
0.681200857015
0.680906249247
0.680170024578
0.679581318882
0.679434182289
0.679287061629
0.678845795242
0.678698738312
0.678257679048
0.677816747245
0.677669801842
0.677375958834
0.676935329747
0.674735179625
0.674295394961
0.673855769622
0.673562755103
0.673123368752
0.672976933188
0.67268410986
0.672537722094
0.672391350261
0.671952330357
0.671367209472
0.671220965099
0.671074736658
0.670636162864
0.670489998153
0.670343849375
0.670051599616
0.669905498636
0.668737375887
0.668153657062
0.668007763204
0.667570193157
0.667132750569
0.666986968239
0.66684120184
0.666695451375
0.666403998241
0.666258295572
0.665966938033
0.665821283162
0.665675644224
0.665530021218
0.665093263728
0.664802161109
0.664656633698
0.66451112222
0.663638387932
0.663492987981
0.662330537202
0.662185280643
0.662040040017
0.661604413735
0.661314075875
0.66087868858
0.660733591346
0.660443444677
0.660298395241
0.660153361737
0.660008344166
0.659573387048
0.658993683212
0.658848793101
0.658703918922
0.658124597466
0.657979802949
0.657835024366
0.657256085289
0.656822036323
0.6566773852
0.655954384502
0.655665289377
0.655520765713
0.655376257982
0.655231766183
0.654942830384
0.650478943551
0.650334993457
0.64990323877
0.649759352407
0.649615481975
0.64932778891
0.649183966276
0.648896368806
0.64875259397
0.648608835066
0.648321365055
0.648177653949
0.648033958775
0.647890279534
0.647746616225
0.647602968848
0.647459337405
0.647315721893
0.647028538668
0.646884970954
0.646741419172
0.64573705061
0.645306825443
0.645020088327
0.644590102148
0.644446805286
0.644303524357
0.644160259361
0.643444173365
0.643301003964
0.643157850495
0.642442338069
0.642156238254
0.642013212245
0.641441283466
0.641298337119
0.640726758855
0.640441041419
0.6402982066
0.640155387713
0.639869797738
0.639727026648
0.639584271492
0.639441532268
0.639156101617
0.638870734696
0.638585431505
0.638015032246
0.637729920245
0.63445905865
0.634174743273
0.63332221139
0.633038150933
0.632896144604
0.632612179743
0.632470221211
0.632328278611
0.632186351944
0.631902546408
0.631760667538
0.631476957597
0.631193311386
0.631051512179
0.630909728904
0.630626210153
0.630342755131
0.629776036278
0.629634396396
0.629492772447
0.62935116443
0.628926451906
0.628501866842
0.628218889796
0.62779454372
0.627653126892
0.627228972006
0.626946281744
0.626804960512
0.626522365846
0.626239834909
0.625816157997
0.625392640411
0.625251494436
0.624969250284
0.624546019483
0.624404969103
0.623277378623
0.621588422608
0.621307006946
0.621025655014
0.620885002946
0.620603746609
0.620463142339
0.620322554002
0.620181981597
0.619760359978
0.619619851303
0.618636800419
0.618496419204
0.617935069601
0.617794768049
0.617654482429
0.617373958987
0.617233721164
0.617093499274
0.616953293317
0.616392628812
0.616252502517
0.615832219227
0.61541207933
0.614852115855
0.614712164817
0.613872856904
0.613313610391
0.613034074764
0.612335610108
0.611777064625
0.610800211482
0.610660722486
0.610381792294
0.610242351096
0.610102925831
0.60968474563
0.609545384095
0.609406038492
0.608988097279
0.608848815406
0.606761929392
0.606622902439
0.606344896331
0.605789075305
0.605650159879
0.605372376826
0.605233509198
0.605094657503
0.604261945643
0.60398448124
0.603568420061
0.602736759746
0.602459645858
0.602182595699
0.601905609271
0.601351843536
0.601213437951
0.600936674577
0.600521649011
0.599968552441
0.599692075852
0.598725068991
0.598448879187
0.598310808184
0.59789669077
0.597758683497
0.597620692156
0.597344757272
0.597206813729
0.597068886119
0.59693097444
0.596379502985
0.59624167097
0.595966054736
0.595552749879
0.595001915723
0.594588945449
0.594451320555
0.593488408345
0.593350910912
0.592801080504
0.592388874989
0.592251505015
0.59183949069
0.59129040911
0.590878729367
0.589507833753
0.58909679131
0.587864635864
0.587590963395
0.587317354655
0.58690706104
0.586770328366
0.586633611625
0.586360225941
0.586086903986
0.585813645762
0.585540451267
0.585403877918
0.585267320502
0.585130779019
0.584584788342
0.584175450676
0.584039036653
0.583493587681
0.583084632395
0.582948345831
0.5828120752
0.582539581735
0.582267152
0.582130961032
0.581994785995
0.581722483721
0.581178086293
0.580769943565
0.580497928075
0.580361944228
0.580225976315
0.579818168168
0.579682263985
0.579003029851
0.578731428606
0.578595651882
0.578459891091
0.578324146232
0.578324002839
0.578052560919
0.577781182729
0.577645517533
0.577238617539
0.577103016072
0.576831860937
0.576560769532
0.57615426785
0.57588333577
0.575341678732
0.575070937842
0.574800260681
0.574664946
0.574529647251
0.574123846599
0.573312771068
0.573177631644
0.571827257083
0.571557344683
0.571287496012
0.570208802359
0.570074029383
0.569939272339
0.569131223981
0.568458203521
0.568189087745
0.56738213873
0.567247700336
0.56684449668
0.565904367938
0.565770104801
0.564428509046
0.564294421167
0.564026293206
0.563490244406
0.563088363148
0.562954434593
0.562552744525
0.562418879701
0.562017380823
0.561883579728
0.56148227204
0.561214813244
0.560813744543
0.560680086841
0.560279225263
0.559744960902
0.55961143066
0.559077469017
0.558010326424
0.557610420795
0.556278958107
0.55614584211
0.555879657913
0.555480501111
0.55521447624
0.554682633619
0.554549708811
0.554151045917
0.553752510483
0.553354118442
0.552955869793
0.552690450356
0.552425094649
0.552292440694
0.550835015699
0.549511678583
0.548453936161
0.548321760181
0.547793215587
0.547661119269
0.547529038884
0.547264925912
0.546604938232
0.546341048315
0.545813507467
0.545681650138
0.545286189675
0.545022618407
0.544890856672
0.544495667062
0.544363969057
0.544232286985
0.544100620845
0.54370571802
0.54357411561
0.543310958587
0.543179403974
0.542916342547
0.542784835732
0.542653344849
0.542521869899
0.541864781933
0.541864734136
0.541601991358
0.540683132497
0.540683084699
0.540551848737
0.540420628707
0.540289424609
0.539502598335
0.538978339582
0.538847310741
0.538585300858
0.538454319816
0.538061472282
0.537799653589
0.537668768142
0.537407045044
0.537145385675
0.53701457989
0.536883790037
0.536753016117
0.536622258129
0.536491516074
0.536360789951
0.536230079761
0.536099385503
0.535968707177
0.535838044785
0.535707398324
0.535054500605
0.53492394974
0.534662895806
0.534401905603
0.533880164184
0.53361936517
0.533488989562
0.533097958334
0.53283735051
0.532576806417
0.532446558269
0.532316326053
0.53218610977
0.531925725002
0.531535283275
0.531535155815
0.531144857481
0.531014784591
0.530884727633
0.530754686607
0.530624661514
