0.998236332944
0.99471367286
0.992954679833
0.989441367808
0.98768704881
0.985934287822
0.984183084844
0.980685352916
0.975450440099
0.971968288269
0.968492368479
0.966756745598
0.965022680727
0.963290173866
0.959829834173
0.952927850905
0.951206250112
0.944335427039
0.940909363561
0.939198668836
0.937489532122
0.935781953417
0.930668565361
0.92726743004
0.923872526757
0.920483855513
0.917101416309
0.915412533721
0.910355234017
0.908672583468
0.90699149093
0.905311956401
0.903633979881
0.901957561372
0.900282700872
0.898609398382
0.893598838971
0.890266256079
0.888602301648
0.885279066814
0.88196206402
0.878651293265
0.875346754549
0.872048447872
0.870401631548
0.867112672929
0.865470530635
0.862190920075
0.858917541554
0.855650395072
0.850761360423
0.844264459694
0.837792487121
0.831345442705
0.828131268555
0.826526518495
0.824923326444
0.821721616373
0.81852613834
0.816930736339
0.813744606365
0.81056470843
0.808977096477
0.807391042534
0.805806546601
0.802642228764
0.799484142966
0.796332289207
0.794758699342
0.793186667487
0.791616193642
0.788479919981
0.785349878358
0.783787194562
0.777552039474
0.771343370552
0.769794708843
0.766702059455
0.763615642106
0.758997701157
0.757461503526
0.755926863906
0.754393782295
0.752862258694
0.745228010834
0.742185217759
0.737634271229
0.736119885736
0.733095788778
0.731586077313
0.727067848988
0.725564369563
0.719566031959
0.718070342583
0.716576211216
0.715083637859
0.713592622512
0.710615265847
0.709128924529
0.707644141221
0.706160915923
0.704679248634
0.701720588086
0.695823521118
0.692883556687
0.689949824295
0.685560910781
0.679730838233
0.67827721512
0.67392569384
0.672478302766
0.671032469703
0.668145477604
