0.996474223897
0.99471367286
0.992954679833
0.991197244816
0.989441367808
0.985934287822
0.982433439875
0.980685352916
0.973708585179
0.971968288269
0.968492368479
0.966756745598
0.963290173866
0.959829834173
0.954651009707
0.952927850905
0.949486207329
0.947767722556
0.946050795792
0.944335427039
0.940909363561
0.937489532122
0.934075932722
0.930668565361
0.92726743004
0.925569199393
0.923872526757
0.92217741213
0.920483855513
0.918791856906
0.917101416309
0.915412533721
0.912039442575
0.905311956401
0.903633979881
0.901957561372
0.900282700872
0.893598838971
0.890266256079
0.886939905226
0.885279066814
0.883619786412
0.880305899638
0.878651293265
0.876998244902
0.873696822205
0.872048447872
0.867112672929
0.865470530635
0.862190920075
0.86055345181
0.857283189308
0.855650395072
0.849134798226
0.847509794039
0.845886347862
0.842644129536
0.837792487121
0.832954866794
0.829737576625
0.828131268555
0.824923326444
0.821721616373
0.820123098352
0.816930736339
0.815336892347
0.813744606365
0.812153878393
0.81056470843
0.808977096477
0.805806546601
0.804223608678
0.80106240686
0.799484142966
0.796332289207
0.793186667487
0.791616193642
0.790047277806
0.786914120165
0.783787194562
0.782226068775
0.779108491231
0.777552039474
0.774443809988
0.77289203226
0.771341812542
0.769793150833
0.768246047134
0.766700501445
0.765156513766
0.758996143147
0.757459945516
0.754392224285
0.752860700684
0.751330735092
0.749802327511
0.746750186377
0.745226452825
0.737632713219
0.736118327726
0.733094230768
0.730076365849
0.725562811553
0.71956447395
0.718068784573
0.71508207985
0.712101607165
0.710613707837
0.709127366519
0.703199139355
0.701720588086
0.700243594827
0.698768159578
