0.998236332944
0.99471367286
0.992954679833
0.98768704881
0.985934287822
0.984183084844
0.982433439875
0.980685352916
0.978938823967
0.977193853028
0.975450440099
0.973708585179
0.971968288269
0.970229549369
0.968492368479
0.966756745598
0.965022680727
0.963290173866
0.961559225015
0.959829834173
0.958102001341
0.956375726519
0.954651009707
0.952927850905
0.951206250112
0.946050795792
0.942621616295
0.940909363561
0.939198668836
0.937489532122
0.934075932722
0.934075932722
0.932371470037
0.928967218695
0.92726743004
0.925569199393
0.92217741213
0.920483855513
0.918791856906
0.917101416309
0.915412533721
0.913725209143
0.912039442575
0.910355234017
0.908672583468
0.90699149093
0.905311956401
0.903633979881
0.901957561372
0.898609398382
0.896937653902
0.895267467432
0.893598838971
0.888602301648
0.886939905226
0.885279066814
0.883619786412
0.88196206402
0.880305899638
0.878651293265
0.876998244902
0.875346754549
0.868756373234
0.865470530635
0.86382994635
0.862190920075
0.86055345181
0.858917541554
0.857283189308
0.855650395072
0.854019158846
0.85238948063
0.850761360423
0.849134798226
0.845886347862
0.844264459694
0.842644129536
0.837792487121
0.836178389002
0.832954866794
0.831345442705
0.826526518495
0.824923326444
0.823321692404
0.821721616373
0.820123098352
0.81852613834
0.816930736339
0.815336892347
0.813744606365
0.812153878393
0.81056470843
0.808977096477
0.807391042534
0.805806546601
0.804223608678
0.802642228764
0.80106240686
0.797907437082
0.794758699342
0.793186667487
0.790047277806
0.788479919981
0.786914120165
0.785349878358
0.783787194562
0.782226068775
0.779108491231
0.777552039474
0.775997145726
0.774443809988
0.77289203226
0.77289203226
