0.998236332944
0.992954679833
0.991197244816
0.989441367808
0.985934287822
0.984183084844
0.978938823967
0.977193853028
0.973708585179
0.970229549369
0.966756745598
0.965022680727
0.963290173866
0.958102001341
0.956375726519
0.954651009707
0.952927850905
0.952927850905
0.949486207329
0.947767722556
0.944335427039
0.944335427039
0.944335427039
0.940909363561
0.939198668836
0.937489532122
0.934075932722
0.930668565361
0.930668565361
0.930668565361
0.925569199393
0.923872526757
0.923872526757
0.920483855513
0.917101416309
0.915412533721
0.908672583468
0.908672583468
0.90699149093
0.90699149093
0.90699149093
0.90699149093
0.90699149093
0.903633979881
0.900282700872
0.896937653902
0.896937653902
0.896937653902
0.895267467432
0.89193176852
0.888602301648
0.886939905226
0.885279066814
0.885279066814
0.885279066814
0.883619786412
0.883619786412
0.88196206402
0.880305899638
0.878651293265
0.876998244902
0.876998244902
0.876998244902
0.876998244902
0.875346754549
0.875346754549
0.875346754549
0.875346754549
0.872048447872
0.872048447872
0.870401631548
0.870401631548
0.870401631548
0.867112672929
0.865470530635
0.865470530635
0.865470530635
0.86382994635
0.862190920075
0.862190920075
0.858917541554
0.858917541554
0.85238948063
0.850761360423
0.850761360423
0.850761360423
0.849134798226
0.849134798226
0.845886347862
0.845886347862
0.845886347862
0.842644129536
0.842644129536
0.841025357388
0.841025357388
0.841025357388
0.83940814325
0.837792487121
0.832954866794
0.832954866794
0.828131268555
0.828131268555
0.828131268555
0.828131268555
0.828131268555
0.828131268555
0.824923326444
0.823321692404
0.81852613834
0.816930736339
0.813744606365
0.81056470843
0.807391042534
