0.992954679833
0.991197244816
0.98768704881
0.980685352916
0.977193853028
0.970229549369
0.963290173866
0.959829834173
0.954651009707
0.947767722556
0.942621616295
0.935781953417
0.930668565361
0.92726743004
0.925569199393
0.92217741213
0.918791856906
0.915412533721
0.912039442575
0.90699149093
0.901957561372
0.900282700872
0.893600396981
0.888603859658
0.885280624824
0.883621344422
0.88196362203
0.880307457647
0.878652851275
0.875348312559
0.873698380215
0.872050005881
0.870403189558
0.868757931243
0.867114230939
0.865472088645
0.862192478085
0.860555009819
0.858919099564
0.854022274866
0.852392596649
0.847512910058
0.844267575713
0.841028473408
0.839411259269
0.834568964913
0.831348558724
0.829740692644
0.826529634514
0.823324808423
0.820126214371
0.816933852358
0.812156994412
0.805809662621
0.799487258986
0.797910553101
0.796335405227
0.794761815362
0.793189783507
0.791619309661
0.790050393826
0.786917236184
0.785352994378
0.783790310581
0.782229184795
0.780669617018
0.779111607251
0.776000261746
0.774446926008
0.77289514828
0.771344928561
0.769796266853
0.766703617465
0.765159629786
0.763617200116
0.758999259166
0.757463061536
0.755928421915
0.754395340304
0.751333851112
0.74980544353
0.748278593959
0.746753302396
0.745229568844
0.743707393302
0.742186775769
0.740667716246
0.739150214733
0.736119885736
0.733095788778
0.731586077313
0.730077923859
0.727066290979
0.724060890138
0.722560526732
0.718068784573
0.716574653207
0.71508207985
0.713591064502
0.712101607165
0.706159357913
0.703197581346
0.698766601568
0.695820405098
0.692880440667
0.691412795467
0.688482179095
0.68409949762
0.682641200478
0.67827565711
0.67392569384
0.671032469703
0.669588194648
