0.992954679833
0.991197244816
0.989441367808
0.982433439875
0.980685352916
0.977193853028
0.975450440099
0.973708585179
0.966756745598
0.963290173866
0.958102001341
0.951206250112
0.946050795792
0.939198668836
0.937489532122
0.934075932722
0.930668565361
0.925569199393
0.920483855513
0.918791856906
0.917101416309
0.915412533721
0.913725209143
0.908672583468
0.90699149093
0.903633979881
0.901957561372
0.900282700872
0.898609398382
0.896937653902
0.890266256079
0.888602301648
0.886939905226
0.885279066814
0.883619786412
0.88196206402
0.880305899638
0.878651293265
0.875346754549
0.873696822205
0.870401631548
0.868756373234
0.86382994635
0.862190920075
0.858917541554
0.854020716856
0.852391038639
0.850762918433
0.845887905871
0.844266017704
0.841026915398
0.837794045131
0.836179947012
0.831347000714
0.828132826565
0.824924884454
0.821723174383
0.81852769635
0.815338450357
0.813746164375
0.812155436402
0.807392600544
0.805808104611
0.799485700976
0.793188225497
0.786917236184
0.785352994378
0.782229184795
0.779111607251
0.776000261746
0.774446926008
0.77289514828
0.771344928561
0.769796266853
0.766703617465
0.765159629786
0.763617200116
0.762076328457
0.758999259166
0.757463061536
0.755928421915
0.754395340304
0.751333851112
0.748278593959
0.746753302396
0.745229568844
0.740667716246
0.739150214733
0.736119885736
0.734607058252
0.733095788778
0.731586077313
0.730077923859
0.727066290979
0.725562811553
0.724060890138
0.722560526732
0.721061721336
0.718068784573
0.71508207985
0.713591064502
0.710613707837
0.709127366519
0.707642583211
0.706159357913
0.700242036817
0.697292724328
0.692880440667
0.689946708276
0.687019207923
0.685557794762
0.68409793961
0.679729280223
