0.996474223897
0.992954679833
0.985934287822
0.982433439875
0.980685352916
0.977193853028
0.973708585179
0.966756745598
0.959829834173
0.956375726519
0.951206250112
0.949486207329
0.942621616295
0.940909363561
0.939198668836
0.937489532122
0.935781953417
0.930670123371
0.928968776705
0.927268988049
0.918793414916
0.913726767153
0.908674141478
0.903635537891
0.901959119382
0.898610956392
0.895269025442
0.888603859658
0.885280624824
0.878652851275
0.876999802912
0.875348312559
0.873698380215
0.870403189558
0.865473646654
0.860556567829
0.858920657574
0.855653511092
0.854022274866
0.852392596649
0.849137914246
0.847512910058
0.844267575713
0.842647245556
0.839411259269
0.834568964913
0.832957982814
0.831348558724
0.824926442464
0.823324808423
0.820126214371
0.816933852358
0.813747722384
0.81056782445
0.807394158554
0.804226724697
0.802645344784
0.80106552288
0.799487258986
0.794761815362
0.793189783507
0.791619309661
0.785352994378
0.783790310581
0.777556713503
0.776001819755
0.772896706289
0.769797824863
0.763618758126
0.762077886466
0.760538572816
0.759000817176
0.755929979925
0.754396898314
0.752865374713
0.751335409122
0.748280151968
0.746754860406
0.743708951311
0.742188333779
0.740669274256
0.736121443745
0.734608616261
0.733097346787
0.731587635323
0.728572886423
0.727067848988
0.725564369563
0.724062448147
0.722562084742
0.719566031959
0.718070342583
0.716576211216
0.715083637859
0.710615265847
0.709128924529
0.704679248634
0.703199139355
0.698768159578
0.692881998677
0.689948266286
0.685559352772
0.682641200478
0.681184461345
0.67827565711
0.675373084914
0.672476744757
0.671030911693
0.665263159535
0.662388631514
0.658088524557
0.655229576634
0.650952839823
