75
426
753
653
866
1220
583
332
96
907
603
572
206
1332
1543
605
1558
751
421
135
183
38
59
724
1017
1051
1223
841
1065
681
1063
334
1251
211
444
367
577
1245
535
870
1458
790
131
850
660
143
838
999
283
1007
26
1191
260
846
1370
327
491
105
1239
1104
1149
1222
1288
64
77
986
1165
623
837
1033
775
341
1155
1073
1030
1195
910
1555
175
994
899
1240
619
270
968
430
774
1056
1504
1193
342
590
825
266
1213
613
794
1329
125
461
1259
1181
1264
32
364
324
205
521
167
518
1297
427
721
305
771
1043
158
1293
1436
1028
661
647
1287
169
151
84
483
1122
1382
40
1009
884
1294
462
496
371
1394
219
43
1105
709
1316
736
528
680
713
1427
153
180
147
581
240
1417
463
723
408
404
