0.994919034762
0.977238441168
0.963457192989
0.946059055093
0.921479744123
0.917820769315
0.887613386943
0.885218583481
0.879245738075
0.875671742776
0.863811031473
0.850858535827
0.834516571813
0.803444017119
0.800028650234
0.78982382534
0.774080764524
0.768496396869
0.7518646932
0.74746032671
0.739783844505
0.724549851407
0.714840335645
0.713765547203
0.697741649347
0.692440546718
0.678752371333
0.672480883657
0.668316078447
0.657960718425
0.653841235618
0.648710092004
0.644619745029
0.639525021204
0.617348606984
0.608390148204
0.598512292083
0.584819260727
0.561719402521
0.556964596728
0.547515684789
0.534424793945
0.531639894075
0.527014580865
0.520573943502
0.511440669736
0.509623726926
0.508716469514
0.506904382676
0.504192322385
0.499688408471
0.496099845256
0.493416920796
0.4925242313
0.488961566601
0.485411851161
0.483641849413
0.48187508498
0.480111557861
0.454197663954
0.450777441097
0.441438597854
0.435547494642
0.433034529197
0.431363265544
0.423055506996
0.422229182449
0.418931977546
0.414010450051
0.409932243006
0.408306301757
0.407494545125
0.405064131202
0.404255611885
0.403447901896
0.398618637868
0.39621493179
0.395415315088
0.394616507715
0.393021320954
0.388255993888
0.385883851627
0.383518993325
0.380377988851
0.379594558722
0.377249124306
0.374910973849
0.373356253521
0.369483615951
0.366400073811
0.364863158713
0.359511877707
0.359507831064
0.354193779176
0.352682762595
0.348920193721
0.346672688072
0.345924868403
0.341454946293
0.340712791925
0.337752267739
0.334069822401
0.333335761319
0.331138434046
0.329677595841
0.327492408497
0.326765631373
0.325314505112
0.320980550214
0.318824498702
0.316676540476
0.313822847671
0.313111447792
0.308154309837
0.306041962072
0.302538378364
0.299054218545
0.298359814567
0.296973434597
0.294899934606
0.293521647923
0.292146598554
0.290090903793
0.290089285136
0.288722329054
0.288040065005
0.286677964895
0.285319102098
0.283963476617
0.27991602406
0.278573347837
0.277233908928
0.272576222572
0.270590939404
0.267299399802
0.264678793647
0.26142610182
0.260128748001
0.256899526705
0.253690538624
0.252412608693
0.251137916076
0.25050178376
0.250484787859
0.249214951214
0.248581246884
0.247316266211
0.246684989867
0.244796016808
0.243540748079
0.241040731892
0.241017261361
0.240394078304
0.237909439362
0.237872210244
0.23725307383
0.233557679234
