96
603
1017
753
653
332
421
907
605
866
334
367
183
1063
751
841
206
1223
444
583
175
260
211
1558
266
870
1073
999
1220
1065
850
1149
327
774
623
838
1251
270
1288
105
910
846
1213
75
1193
147
1006
1370
125
305
1332
1051
1380
205
613
364
787
1394
64
1191
1018
1155
986
1122
1240
1165
610
1382
325
1410
26
426
648
905
1264
522
647
1259
1009
283
404
771
1316
324
581
249
845
863
1043
527
589
1181
180
526
1194
496
1484
1169
1541
427
876
937
219
221
518
1245
1543
35
1130
23
519
1198
143
465
1355
252
572
476
620
1222
131
452
1107
748
99
1167
342
755
639
943
1085
1552
382
106
135
428
1383
1436
201
584
70
321
128
214
302
411
203
775
1137
1277
1068
113
824
153
1224
173
59
