0.996188062079
0.98858603811
0.986058504749
0.973469397665
0.946058245764
0.941116485053
0.927593412712
0.923922297975
0.915384690092
0.882825398675
0.879244119418
0.876860646556
0.866175889776
0.861447791828
0.855555879287
0.85085691717
0.834514953156
0.821784213559
0.798888306172
0.768493159554
0.767378714009
0.764040233346
0.756278771633
0.741970650506
0.740875628848
0.73541266049
0.734322494804
0.733233138447
0.726713996206
0.722384087951
0.716989912528
0.714837907659
0.712689140105
0.71161597032
0.70733138447
0.705193947517
0.700928785554
0.698801060544
0.691380326192
0.689267169098
0.686103503422
0.685050566854
0.682947121704
0.677702672079
0.673521680296
0.671436040376
0.670394434409
0.66727447248
0.663125853842
0.660022887814
0.621349927808
0.617346988326
0.616348276777
0.615350374557
0.610373812715
0.609380766467
0.608388529547
0.607397101956
0.604427675155
0.600479770021
0.598510673426
0.59458219218
0.582874443991
0.580934483227
0.578030612047
0.577064273644
0.576098744569
0.574170114407
0.573207013318
0.572244721559
0.568403647806
0.55506267441
0.553169654708
0.55222435885
0.55127987232
0.550336195119
0.548451268704
0.544691127816
0.542815913344
0.5400091616
0.535349856587
0.532562528731
0.531635038103
0.528857422191
0.527933168878
0.527009724893
0.525165264909
0.524244248911
0.521486866215
0.518735958148
0.51782060745
0.515079411327
0.513255993888
0.511435813764
0.509618870954
0.507805165459
0.506899526705
0.505994697279
0.505090677181
0.502383472862
0.500582716625
0.496990916095
0.495199871802
0.494305563649
0.49162749516
0.473084966559
0.470465979061
0.466116646919
0.465249046611
0.46351627398
0.462651101658
0.461786738665
0.450623668654
0.449770636262
0.448918413198
0.446367409307
0.432882375412
0.431211111759
0.427878296396
0.414676527527
0.41222426173
0.411408458456
0.408965904603
0.407341582011
0.405720496734
0.404911168088
0.403294938782
0.402488038123
0.401681946792
0.400876664789
0.400072192115
0.398465674753
0.396062778004
0.395263161302
0.38810545876
0.385733316499
0.38494422107
0.383368458197
0.381010883852
0.380226644394
0.379443214265
0.378660593465
0.373983483221
0.37243038155
0.371655044707
0.370106799008
0.368561790623
0.366250348011
0.365481485798
0.364713432913
0.36317975513
0.360885308419
0.360122111506
0.359359723922
0.357077417141
0.356318266871
0.34877127725
