0.998728544698
0.981013149972
0.979753834599
0.978495328555
0.97723763184
0.969708447449
0.968456416034
0.963456383661
0.962208398889
0.957224553089
0.95598061496
0.95473748616
0.953495166689
0.948533982091
0.947295709263
0.943585746751
0.942350711238
0.933728123847
0.932499562963
0.931271811407
0.93004486918
0.923922297975
0.92270021172
0.921478934794
0.920258467196
0.904466037333
0.903256900336
0.902048572668
0.900841054329
0.88641396189
0.884020777085
0.882825398675
0.881630829594
0.880437069842
0.879244119418
0.85085691717
0.848512292083
0.847341193533
0.846170904311
0.845001424418
0.843832753854
0.842664892618
0.841497840711
0.840331598133
0.839166164883
0.838001540962
0.836837726369
0.835674721105
0.83451252517
0.828713685424
0.82755634546
0.817177514908
0.816028268231
0.814879830883
0.813732202863
0.810294174776
0.797750390096
0.796614902006
0.794346353813
0.790949601487
0.789818969369
0.788689146579
0.787560133118
0.786431928986
0.785304534183
0.781927205744
0.780803048255
0.778557161264
0.777435431761
0.776314511586
0.775194400741
0.774075099224
0.772956607035
0.771838924176
0.770722050645
0.767376286023
0.766262649807
0.762926597129
0.761816198227
0.760706608654
0.760706608654
0.759597828409
0.758489857493
0.758489857493
0.757382695906
0.756276343647
0.755170800717
0.746355593108
0.719141917397
0.718063891641
0.716986675213
0.715910268114
0.714834670344
0.713759881903
0.71268590279
0.711612733006
0.71054037255
0.699862090399
0.698798632558
0.670392006423
0.669351209784
0.668311222475
0.667272044494
0.666233675841
0.664159366522
0.663123425856
0.662088294518
0.661053972509
0.661053972509
0.660020459828
0.646658443888
0.646658443888
0.645636261808
0.64053749134
0.639520165233
0.637487941003
0.636473042881
0.635458954088
0.634445674624
0.623353016206
0.622349448685
0.621346690493
0.619343602095
0.615347137243
0.614350044351
0.612358286554
0.611363621649
0.609376719823
0.609376719823
0.608384482904
0.607393055313
0.60640243705
0.605412628117
0.604423628512
0.603435438235
0.602448057288
0.601461485668
0.600475723378
0.599490770416
0.590662613549
0.589685753873
0.588709703527
0.586760030819
0.585786408458
0.584813595426
0.583841591723
0.582870397348
0.581900012302
0.580930436584
0.580930436584
0.579961670195
0.578026565403
0.577060227001
0.575129978181
0.574166067763
0.561708881249
0.560756301433
