576
866
1357
105
1168
603
1503
790
205
1063
817
880
1039
96
1509
64
1013
421
1019
498
671
1458
1473
393
12
38
210
773
1492
681
1038
521
821
884
1132
583
1455
88
415
168
215
1191
1454
1260
1133
841
757
332
1184
183
11
426
1163
1316
694
131
1558
1068
661
1065
345
427
861
999
1395
1195
466
334
629
391
589
1198
889
175
553
32
1154
907
396
620
440
777
266
944
898
752
139
1222
653
294
459
1551
1456
60
240
474
941
572
770
1332
1231
25
245
771
709
57
598
928
995
425
444
282
1150
837
1468
619
458
501
336
1017
655
442
994
1251
1312
430
1119
1273
616
335
1020
250
550
1099
863
1472
1158
967
91
75
1417
277
463
839
1072
707
1178
735
387
917
308
1105
810
1259
141
605
741
