75
1017
332
1458
96
96
444
395
1558
605
535
96
535
96
1332
583
96
603
521
753
832
577
660
1558
96
1458
491
907
96
572
583
332
96
75
907
653
1007
183
1063
1017
59
1038
131
1332
1558
96
421
653
206
40
96
603
59
907
866
75
75
75
59
96
96
572
603
75
605
1017
603
491
75
131
907
866
426
96
1051
653
1017
1245
211
135
75
1017
653
96
206
26
96
135
753
332
653
572
96
999
334
753
653
96
790
211
421
491
753
96
603
753
1342
1504
96
96
1033
535
1558
96
96
1223
1223
75
572
1017
653
907
96
866
753
271
332
866
653
1181
1017
653
96
910
131
96
59
603
1251
1458
790
1007
1033
421
96
1458
1558
75
1017
753
1558
96
206
1542
75
96
907
