0.994919034762
0.992383408115
0.991116808785
0.983534208703
0.979753834599
0.979753834599
0.974724666395
0.973469397665
0.963456383661
0.957224553089
0.944821591593
0.944821591593
0.944821591593
0.944821591593
0.920258467196
0.885217774152
0.885217774152
0.875670933447
0.874481220338
0.854380734093
0.852031253035
0.840332407461
0.835675530434
0.835675530434
0.835675530434
0.835675530434
0.833351947892
0.828714494752
0.828714494752
0.802306101043
0.802306101043
0.802306101043
0.802306101043
0.802306101043
0.802306101043
0.771844589476
0.768496396869
0.761821863528
0.757388361207
0.757388361207
0.74746032671
0.745262999437
0.741973078492
0.741973078492
0.741973078492
0.741973078492
0.725632733135
0.725632733135
0.70733704977
0.704132108333
0.704132108333
0.704132108333
0.704132108333
0.704132108333
0.657963955739
0.657963955739
0.657963955739
0.657963955739
0.657963955739
0.657963955739
0.657963955739
0.657963955739
0.657963955739
0.657963955739
0.657963955739
0.657963955739
0.657963955739
0.657963955739
0.657963955739
0.657963955739
0.657963955739
0.657963955739
0.639529877176
0.639529877176
0.636482754825
0.636482754825
0.636482754825
0.62336272815
0.616354751407
0.611373333592
0.611373333592
0.611373333592
0.611373333592
0.611373333592
0.611373333592
0.608394194847
0.608394194847
0.608394194847
0.608394194847
0.608394194847
0.608394194847
0.608394194847
0.608394194847
0.607402767257
0.604433340455
0.604433340455
0.604433340455
0.604433340455
0.600485435322
0.600485435322
0.600485435322
0.600485435322
0.600485435322
0.600485435322
0.600485435322
0.600485435322
0.598516338727
0.593607760491
0.593607760491
0.593607760491
0.590672325493
0.590672325493
0.590672325493
0.590672325493
0.590672325493
0.578036277347
0.578036277347
0.578036277347
0.578036277347
0.578036277347
0.578036277347
0.578036277347
0.578036277347
0.578036277347
0.578036277347
0.577069938944
0.577069938944
0.577069938944
0.577069938944
0.575139690124
0.575139690124
0.575139690124
0.575139690124
0.573212678619
0.573212678619
0.573212678619
0.573212678619
0.573212678619
0.569368367552
0.569368367552
0.569368367552
0.569368367552
0.569368367552
0.569368367552
0.569368367552
0.569368367552
0.569368367552
0.569368367552
0.569368367552
0.569368367552
0.569368367552
0.569368367552
0.569368367552
0.566493632202
0.566493632202
0.566493632202
0.566493632202
