0.987321866765
0.968456416034
0.9374194718
0.908099922952
0.900842672986
0.888812002668
0.87805359698
0.861448601156
0.859089408154
0.845002233747
0.818333236214
0.81144504011
0.781932871045
0.770728525274
0.767382760652
0.761822672856
0.751865502528
0.741973887821
0.726718042849
0.712693996076
0.710548465837
0.704131299005
0.697743268004
0.689271215741
0.681900659765
0.677706718723
0.673525726939
0.668317697104
0.651788778173
0.649737130056
0.646665727845
0.643601609593
0.641562910734
0.636480326839
0.632428827639
0.630407934011
0.629398701189
0.625369863191
0.621353974451
0.618350555847
0.617351034969
0.607400339271
0.597530576436
0.594585429495
0.592626044843
0.590669897507
0.586767314777
0.585793692416
0.582877681306
0.564578760626
0.558863281731
0.555067530382
0.554120615867
0.547514875461
0.545634805017
0.544695983788
0.542820769315
0.52609113688
0.525169311553
0.524248295554
0.522408691542
0.521490103529
0.51965535549
0.514172963244
0.513261659188
0.512351164462
0.507811640088
0.506001171908
0.503291539602
0.502389947491
0.501489164708
0.500589191254
0.499690027129
0.496997390724
0.495206346432
0.491633969789
0.48985263744
0.488963185259
0.48452806428
0.480113985846
0.477474765133
0.473967134782
0.456623221905
0.454049556812
0.453193287104
0.448924078498
0.447222060357
0.442135429818
0.439603849815
0.438761338694
0.437919636903
0.436238661306
0.434560923023
0.433723267875
0.432886422055
0.429549560049
0.428716760873
0.427884771025
0.426223219315
0.423737771044
0.422910637168
0.422084312621
0.418787107718
0.416322701992
0.415502852074
0.399275812728
0.397670914023
0.396069252634
0.394470828558
0.392875641798
0.385737363143
0.384159981612
0.38337250484
0.379447260908
0.377101826493
0.376321633678
0.369336318137
0.365484723112
0.360888545734
0.360125348821
0.354805631632
0.354048909349
0.353292996394
0.351783598469
0.348774514565
0.345778379918
0.33908442269
0.338344696308
0.33319170082
0.331726006643
0.330994373547
0.32807674378
0.323728220966
0.320842155016
0.317969038323
0.317252782472
0.316537335949
0.315822698755
0.315108870889
0.314395852353
0.313683643144
0.312972243265
0.310842899598
0.308720839889
0.305201069609
0.304499381673
0.303098433787
0.302399173837
0.301700723216
0.30030624996
0.299610227324
0.298915014018
0.29822061004
0.296142254077
0.294760730079
0.293382443396
0.292007394027
