0.975980744453
0.954738295489
0.942351520567
0.911739473872
0.902050191325
0.894817221219
0.876862265214
0.872105031434
0.847347668162
0.840338072762
0.828720969381
0.800030268891
0.796621376636
0.783058647191
0.769612461071
0.755177275347
0.73323718509
0.731060900362
0.720228036439
0.710547656508
0.700932832197
0.686107550065
0.679802070586
0.674569760892
0.672482502315
0.664165841151
0.644621363686
0.640543965969
0.638510123083
0.630407124682
0.624363867684
0.621353165122
0.612364761183
0.608390957533
0.60640891168
0.591647566511
0.588716987485
0.586767314777
0.583848875681
0.580937720542
0.577067510958
0.573210250633
0.57032580334
0.568406885121
0.555065911725
0.554118997209
0.550339432434
0.549396564562
0.54375635323
0.539078433658
0.535350665916
0.533491638016
0.527934787535
0.52701134355
0.524245867568
0.523325660898
0.519652927504
0.515080220655
0.51234630849
0.509620489611
0.490738042979
0.487181852909
0.486294828714
0.485408613847
0.476593406238
0.474839591062
0.473963897468
0.473089013202
0.467859131493
0.466989912528
0.464387111603
0.460928040971
0.459203361627
0.449776301562
0.447222060357
0.446372265279
0.445523279529
0.442136239147
0.441291300041
0.43707874444
0.433723267875
0.432050385564
0.428715142215
0.426221600658
0.424563286263
0.421256369416
0.419607766965
0.415500424088
0.414681383499
0.413863152238
0.413045730306
0.409784135864
0.408158194614
0.40653549068
0.402492894095
0.401686802763
0.400077048087
0.398470530725
0.396867250678
0.395267207946
0.392873213812
0.392076834424
0.386529695887
0.385739791128
0.384162409598
0.382588265382
0.381802407267
0.379449688894
0.369339555452
0.368567455924
0.365489579084
0.363954282643
0.361657407947
0.360893401705
0.358606238953
0.357845470026
0.355568019217
0.354053765321
0.353297852366
0.351788454441
0.350282293832
0.34953042752
0.348029122882
0.34503622555
0.344290024539
0.343544632856
0.34131331378
0.339829814372
0.339089278662
0.337610635226
0.336872527501
0.326624808189
0.324449332789
0.32372579298
0.3230030625
0.322281141348
0.320121043192
0.315108061561
0.306620632053
0.303812261653
0.298234368627
0.296847988656
0.295464846001
0.29408494066
0.293396201983
0.292708272634
0.291334841922
0.289280765819
0.287915428394
0.286553328283
0.282486451838
0.281137300986
0.280463939553
0.279119644672
0.27511103989
0.272452395289
0.269805890618
