0.975980744453
0.954738295489
0.942351520567
0.911739473872
0.888812002668
0.879245738075
0.867360746913
0.849685009291
0.843833563183
0.819484101548
0.81144504011
0.800030268891
0.796621376636
0.783058647191
0.769612461071
0.755177275347
0.752968617472
0.743069718807
0.733236375762
0.723468588337
0.708405363583
0.686107550065
0.679802070586
0.674569760892
0.672482502315
0.664165841151
0.660026934457
0.657962337082
0.649736320727
0.643600800264
0.640543965969
0.633439679117
0.629397891861
0.627381854204
0.624363867684
0.622355923314
0.619350076724
0.616351514092
0.595565526484
0.594584620166
0.590669088178
0.586766505448
0.584820070055
0.582876871977
0.569365939566
0.568406885121
0.564578760626
0.558860853745
0.554118187881
0.550338623105
0.54469436513
0.54375635323
0.542819150658
0.540012398915
0.539078433658
0.535350665916
0.530709166133
0.527933978206
0.525166074238
0.522406263556
0.519652927504
0.518736767477
0.517821416778
0.516906875409
0.509622108269
0.507808402774
0.506902764019
0.505997934593
0.500588381925
0.4996892178
0.496996581396
0.493417730125
0.491633160461
0.482759681189
0.480994535413
0.478352886713
0.477473955804
0.473967134782
0.473092250516
0.468729969116
0.46612231222
0.464387920932
0.460929659629
0.459204980285
0.455765333541
0.45405036614
0.449777110891
0.448924887827
0.448073474092
0.447222869685
0.443828545345
0.442136239147
0.440447170263
0.436238661306
0.434560923023
0.432886422055
0.431215158402
0.428714332887
0.427882343039
0.422085931278
0.42126041606
0.419611813608
0.417966448472
0.417144979896
0.414685430142
0.407351293955
0.406540346652
0.403307078712
0.402500178052
0.400888804719
0.400084332045
0.397675769995
0.396874534636
0.39447568453
0.392880497769
0.392084118382
0.390493787593
0.388906694119
0.388114361375
0.387322837959
0.385742219114
0.382590693368
0.381804835253
0.381019786467
0.37866949608
0.377106682465
0.37632648965
0.375547106165
0.36702811284
0.3647215262
0.363187848416
0.362422223517
0.361657407947
0.359368626537
0.354055383978
0.345053221452
0.342073273378
0.336152225006
0.3346800562
0.333211124708
0.332477872955
0.33174543053
0.330282973668
0.326640994762
0.324465519362
0.323019249073
0.322297327921
0.319417736599
0.31869986209
0.317266541059
0.312990857824
0.310153351592
0.307328794618
0.306624678697
0.305921372103
0.305218874839
0.302416979068
