1332
866
535
583
653
1245
444
38
1222
572
143
426
790
206
1558
421
986
1223
59
577
681
753
1458
1195
40
183
1273
43
135
211
463
605
660
801
1033
1105
158
167
603
750
837
1220
1288
1294
75
294
371
751
850
870
899
950
1180
1191
1421
1434
1504
26
32
35
125
128
151
256
332
455
530
571
590
613
620
623
675
841
884
902
937
1011
1057
1063
1065
1131
1155
1181
1193
1239
1251
1259
1452
57
64
113
123
131
137
186
194
230
250
260
271
283
305
309
324
334
382
404
418
427
428
430
448
518
527
601
604
619
627
637
680
723
746
752
771
775
781
872
907
910
928
953
957
959
994
1004
1007
1051
1107
1111
1142
1146
1157
1160
1203
1215
1224
1240
1255
1261
1293
1344
1349
1352
1359
1368
1370
