0.999616414277
0.999552490477
0.999296815718
0.998945316834
0.99891336541
0.998593879271
0.998561933468
0.998306385437
0.998274444233
0.998178623686
0.997923124711
0.997795387488
0.997635727456
0.997412224874
0.997316445718
0.997156824012
0.996614205768
0.996326997073
0.996039829769
0.995752703856
0.995657004416
0.995625105625
0.995593207345
0.995529412318
0.995433723609
0.995401828395
0.995306145819
0.995274252648
0.995178576204
0.994827801922
0.994700262967
0.994445209586
0.994381451351
0.994222064706
0.993935200937
0.993680245668
0.993361597573
0.993202292688
0.993138574311
0.992883721243
0.992820013086
0.992628900879
0.992437807068
0.992151200845
0.992087516194
0.991896474505
0.991864636012
0.991609946465
0.991546279188
0.991418950766
0.991387119938
0.991227973464
0.991037015069
0.990941542514
0.990877896699
0.990655152444
0.990527881255
0.990496064735
0.990368803765
0.990273363404
0.989923454759
0.989796230582
0.989700817814
0.989605409646
0.989478205909
0.989351010348
0.988810520427
0.988746943086
0.988429087044
0.988365521968
0.988238397947
0.987761755687
0.987475825519
0.987221700118
0.987189936742
0.987094649681
0.986967607421
0.986872331091
0.986808816093
0.98677705936
0.986713547428
0.986681792228
0.986491271762
0.986427769027
0.986269021135
0.986110286017
0.986046795547
0.9858563364
0.985824594998
0.985697634498
0.98566589565
0.985570682173
0.985507209077
0.985443738025
0.985316802053
0.985126413425
0.984999497893
0.98490431661
0.984809139925
0.984777415386
0.984460198096
0.984174746226
0.984143031907
0.984111318098
0.984047892014
0.983825916817
0.98360396666
0.983382044607
0.983255241495
0.983191843005
0.983096749103
0.983065052158
0.982843187848
0.982811494991
0.982684728672
0.98252628227
0.982494594523
0.982462907286
0.982336163451
0.982146063028
0.982114381413
0.982082700309
0.982051019715
0.981924302452
0.981702566915
0.981639218504
0.981449185533
0.981322507106
0.980879196997
0.980847535822
0.980689237611
0.98027772205
0.979897938181
0.979454950515
0.979233493985
0.979138591709
0.979106958639
0.978980431469
0.978822284003
0.978790656043
0.97856927463
0.978442782208
0.978316297962
0.978189821892
0.978000123116
0.977842054856
0.977778831129
0.977241513509
0.976957110726
0.976862318826
0.976641155611
0.976546379041
0.976230490357
0.976198904299
0.976009398683
0.975851491388
0.97572517475
0.975693596869
0.975504140308
0.975472566003
0.975409418927
0.975283130905
0.975251560177
0.97515685106
0.975093714203
0.974967446622
0.974872751301
0.974841187216
0.974746498028
0.974588692934
0.974525574473
0.974336231355
0.974304675957
0.97427312107
0.974241566695
0.973957600308
0.973894502287
0.973768312378
0.973673675312
0.973610586489
0.973452873375
0.973389791707
0.973232096478
0.97301134462
0.972916744346
0.972885211943
0.972727557595
0.972696028258
0.972475337209
0.97234923928
0.972317716076
0.972286193382
0.972191628367
0.971876444865
0.97178189978
0.971687359293
0.971561312464
0.971529802034
0.971403765426
0.971372257551
0.971340750188
0.971309243335
0.971151716737
0.97105720691
0.971025704657
0.970994202914
0.970962701683
0.970931200962
0.970899700752
0.970710710226
0.970647717472
0.970553232173
0.970427258929
0.970395766895
0.970332784361
0.970301293861
0.970112361588
0.970080874665
0.96998641696
0.969923447712
0.969860480508
0.969797515348
0.969640111391
0.969514197423
0.969388291631
0.969167976168
0.969136504575
0.969010623311
0.968853283229
0.968507180016
0.96822405065
0.968192594387
0.967878059858
0.967846609215
0.967815159084
0.967689363668
0.967626469027
0.967532130897
0.967500685875
0.967343468433
0.967280585034
0.9672491441
0.967217703678
0.967091947099
0.966651863457
0.966620432744
0.96652614367
0.966463286842
0.966086188801
0.965929086335
0.965834830987
0.965583505877
0.965552092538
0.96523798725
0.965175172325
0.964986739813
0.964861128358
0.964735525079
0.964704125537
0.964672726506
0.964641327986
0.964609929976
0.964515739015
0.96439015822
0.964358764299
0.96429597799
0.964264585602
0.964233193724
0.964107631326
0.963982077103
0.963887916802
0.963856531057
0.963668227317
0.963511321586
0.963228923465
0.963134799955
0.963103426474
0.963040681045
0.96297793766
0.96282108814
0.962664251394
0.962601520273
0.962507427424
0.962381977446
0.962319255523
0.962193817809
0.962005676568
0.961942966909
0.961848906253
0.961692148713
0.961535403948
0.961410017334
0.961253295564
0.961127927346
0.961033906549
0.96093989035
0.960908552639
0.960814542572
0.960626536235
0.960595203635
0.960532539966
0.96040721876
0.960375889736
0.960344561223
0.960219252282
0.960187926324
0.960156600877
0.960125275941
0.960062627602
0.959812054687
0.959655463223
0.95931100697
0.959279695831
0.959123147802
0.959029225116
0.958904002023
0.958841393542
0.958716182713
0.958684881284
0.958622279957
0.9585283818
0.958465785583
0.958371895091
0.958340599282
0.958309303984
0.958215421157
0.958027669299
0.957902511614
0.957839935838
0.957652220773
0.957620936717
0.957495805604
0.957464524103
0.957308124265
0.957214290494
0.957183013592
0.957151737201
0.957120461322
0.956964089588
0.956932816774
0.956713921387
0.95658884955
0.956276205729
0.956244944157
0.956057385458
0.956026127464
0.955932356546
0.955901100595
0.955776081903
0.955651071386
0.955494819738
0.955369827618
0.955338580866
0.955244843674
0.955213598965
0.955119867906
0.954932419583
0.954838702321
0.954495111705
0.954432647327
0.954338954592
0.954307724703
0.95415158292
0.954120356097
0.954089129784
0.954057903983
0.954026678692
0.953808115967
0.953683234734
0.953527144052
0.953495927448
0.953371066144
0.953152578536
0.953121368065
0.952778086605
0.952653272314
0.952622070018
0.952528466198
0.952029323496
0.951966939857
0.951904558261
0.9518109897
0.951686238772
0.951655052318
0.951530311611
0.951405579079
0.951312035047
0.951280854724
0.951218495613
0.951062606776
0.951031430542
0.950657355588
0.950626185997
0.950563848348
0.950439179181
0.950408013166
0.950283354219
0.949784800192
0.949348672728
0.949286376981
0.949130646555
0.949006071412
0.948912645421
0.948788084586
0.948725807235
0.948507852602
0.94847671827
0.948383318339
0.948352186051
0.947823015337
0.947449571982
0.947356222641
0.947325107216
0.947262877898
0.947200650625
0.947076202211
0.94701398107
0.946951761973
0.946702906025
0.946671801331
0.946578490315
0.946485183898
0.946454082781
0.946329683423
0.945987627346
0.945925441975
0.945894350056
0.945832167752
0.945707809274
0.945645633101
0.945583458972
0.945490201611
0.945428032592
0.945210457123
0.945055061403
0.944961830104
0.944899678459
0.944682163799
0.944309340289
0.944216145782
0.944091893592
0.943843413742
0.943594967106
0.943563913512
0.943408653208
0.943377602681
0.943284454163
0.943191310245
0.943160263294
0.943129216854
0.943067125508
0.943036080601
0.943005036205
0.942818780562
0.942756699435
0.942632543314
0.942477359661
0.942415289776
0.942322188782
0.942291156139
0.942136000591
0.941918804285
0.941825727819
0.941670610595
0.941546526015
0.94142244961
0.941360414474
0.941143307593
0.941112294368
0.940833198342
0.940709168949
0.940647157319
0.940492137186
0.940368130278
0.940337129828
0.940244131545
0.94021313314
0.940089144627
0.939810200368
0.939779209117
0.939748218376
0.939717228147
0.9395312975
0.939500310848
0.939438339076
0.939407353956
0.939376369348
0.93922145397
0.939066551367
0.93903557238
0.939004593903
0.938973615938
0.93872581061
0.938694837244
0.938539978076
0.938509007776
0.938478037986
0.938447068708
0.93841609994
0.938385131684
0.938354163938
0.93829222998
0.938106440371
0.938044514589
0.937796832412
0.937734916851
0.937703959836
0.937580136888
0.937518228481
0.937363466404
0.937332515521
0.93730156515
0.936744545846
0.936713605184
0.936651725392
0.936620786263
0.936558909537
0.936527971941
0.936466098281
0.936342357094
0.936311423074
0.936187692107
0.936156760643
0.936002110986
0.935940254701
0.935816548261
0.935754698108
0.935321804265
0.935290887109
0.935259970463
0.935198138706
0.934950832116
0.934858100576
0.934672651294
0.934518124278
0.934456317048
0.9344254142
0.934394511863
0.934363610037
0.934332708722
0.934147311561
0.934085516596
0.933992827981
0.933931038125
0.933900143964
0.933869250314
0.933838357175
0.933714789728
0.933622119509
0.933591230458
0.933467679363
0.933313251992
0.933158837397
0.933035314918
0.932880923318
0.932819170254
0.932726544492
0.932541306765
0.932386956044
0.932294351744
0.932170886498
0.932047429428
0.931985703959
0.931893119588
0.931862259152
0.931831399228
0.931800539815
0.931707964642
0.931677107273
0.931646250415
0.931553682907
0.931461119998
0.931399413947
0.931276007977
0.931152610183
0.930998374438
0.930905839123
0.930720782291
0.930689941274
0.930659100768
0.930535743854
0.930412395116
0.930350723813
0.930196554499
0.930104059042
0.930042397959
0.929919081925
0.929826600266
0.929734123205
0.92970329854
0.929641650743
0.929549182881
0.929395079996
0.929302624398
0.929117726998
0.928994472284
0.928963659883
0.928686371271
0.928563145174
0.928470730966
0.928439927252
0.92840912405
0.928316717507
0.928193515938
0.928162716823
0.928101120127
0.928008728914
0.927947137328
0.927885547785
0.927731582871
0.927670000483
0.927577630733
0.927423691369
0.927238980995
0.926992729114
0.926869615437
0.926838838295
0.926715734838
0.926684960252
0.926531094983
0.926438781954
0.92631570507
0.926284937126
0.926254169693
0.926192636361
0.926161870461
0.926069575828
0.92591576166
0.925885000359
0.925823479291
0.925700443287
0.925669685563
0.92563892835
0.925546659779
0.925454395806
0.925331384329
0.925239131087
0.925146882445
0.925116133919
0.925054638401
0.924870164111
0.924839420184
0.924716449588
0.92456274784
0.924347586855
0.924316851616
0.924224648963
0.924009527325
0.923825157279
0.923794430727
0.923456472375
0.923364312647
0.923272157518
0.923118575855
0.923087861056
0.923057146767
0.922934294724
0.922750031988
0.922473672377
0.922320157145
0.922258754629
0.922228054138
0.922197354158
0.92213595573
0.921982468603
0.921890382459
0.921798300914
0.921736915772
0.92158346186
0.921430020723
0.921245908222
0.921215224594
0.921184541477
0.921123176775
0.921092495191
0.921031133555
0.920939094934
0.920847060912
0.920663006665
0.920448299961
0.920417629619
0.92029495336
0.920172285277
0.920018961671
0.919926973639
0.919834990206
0.919804330084
0.919743011373
0.919528411979
0.919497756967
0.919436448475
0.919252535265
0.919221884852
0.919037993104
0.918976699943
0.918946054128
0.918792832722
0.918762189974
0.918670264796
0.918578344216
0.918486428236
0.918302610072
0.918210707889
0.91818007485
0.918088178798
0.917996287346
0.917873772563
0.917843145145
0.91769001572
0.917536899069
0.917475655986
0.917353175952
0.917322557221
0.917169471231
0.917138855565
0.917016398015
0.91683272702
0.916740898421
0.91667968191
0.916434836306
0.916312425768
0.916190023406
0.916159424093
0.916037031951
0.916006435193
0.91594524321
0.915853459068
0.915822865376
0.915731087366
0.915700495718
0.915578134236
0.915425193881
0.915333435801
0.915211098847
0.915088770069
0.914966449468
0.914935870595
0.914905292233
0.914844137042
0.914782983895
0.914630109971
0.914538391748
0.914354970633
0.914232699087
0.914202132478
0.91417156638
0.914110435718
0.914049307099
0.913988180524
0.913804813064
0.913743694666
0.9136520209
0.913529796367
0.913499241511
0.913315923107
0.913224270804
0.913193721058
0.913163171823
0.913071527185
0.913040979994
0.912979887146
0.912827163967
0.912735536191
0.912674453563
0.912643913015
0.912521755934
0.912399607029
0.91236907108
0.912308000716
0.9122774663
0.912155333747
0.912002679554
0.911819511384
0.911727934198
0.911605838437
0.911575315775
0.911514271982
0.911361671444
0.911300634806
0.911178567661
0.9109344579
0.910903946479
0.91087343557
0.910842925171
0.910720888686
0.910690380843
0.91065987351
0.910629366689
0.910507344512
0.910415833245
0.910324326577
0.910293825377
0.910263324687
0.910141327039
0.910110828904
0.909988841476
0.909958345896
0.90989735627
0.909744891147
0.909714399656
0.909683908675
0.909318056767
0.909165640189
0.909104677135
0.909074196374
0.909013236386
0.908921800237
0.908891322542
0.908860845359
0.908769416874
0.908708467106
0.908677992989
0.908586573702
0.908342811423
0.908220942547
0.908190476605
0.908129546255
0.908068617949
0.908007691687
0.907824925677
0.907703091549
0.907672634295
0.907550810387
0.907368089856
0.907337638222
0.907215836799
0.907002703981
0.906880925041
0.906759154278
0.906606952321
0.906424326836
0.906241719747
0.906150423101
0.905998272244
0.905906987862
0.905754857446
0.905724432896
0.905572317809
0.905511475352
0.905328960243
0.90514646353
0.9051160492
0.905055222073
0.904963985214
0.904872752954
0.904720709408
0.904568678637
0.904477466306
0.904447063218
0.904416660641
0.904203856908
0.904112662974
0.904082266018
0.904051869572
0.903869501632
0.903687152088
0.903626372995
0.903444047979
0.903261741359
0.903140213833
0.903049073554
0.902988315922
0.90277568031
0.902745305837
0.902714931876
0.902593441142
0.902441589222
0.902411220371
0.902320116883
0.902198652721
0.902077196735
0.901864668433
0.901773592539
0.901561100007
0.901439686945
0.901257582682
0.901166537449
0.90113619006
0.90098446078
0.900893429344
0.900832744275
0.900772061251
0.900741720505
0.900650701333
0.900620362631
0.90055968676
0.900408006025
0.900377671411
0.900347337308
0.900256338065
0.900226006007
0.900165343422
0.899983367931
0.899892387084
0.899831735742
0.89974076256
0.899619472138
0.899558829994
0.899407233574
0.899346598584
0.899316281855
0.899285965637
0.899134392213
0.899013142671
0.898891901306
0.898861592242
0.898770668116
0.898710054588
0.898588833662
0.898558529709
0.898528226266
0.89834641634
0.898316116474
0.898285817119
0.898043440677
0.89792226472
0.897831388118
0.897679937334
0.897589072996
0.897467927699
0.897407358116
0.897377074091
0.897346790578
0.897316507575
0.897225661633
0.897165100226
0.896983428271
0.896892599192
0.896680682559
0.896650410798
0.89658986881
0.896559598582
0.896347721297
0.896256924411
0.89613586905
0.896075344436
0.896045082895
0.896014821865
0.895924041843
0.895893782857
0.895863524382
0.895530714887
0.895349208497
0.895197967224
0.895107228592
0.895076983404
0.894956007759
0.894925765126
0.894895523003
0.894865281391
0.894714080999
0.894623366895
0.894562893381
0.894502421911
0.894290787862
0.894169865362
0.894139636015
0.894048951038
0.894018723734
0.893807146918
0.893746700998
0.893716478804
0.893686257122
0.893535156375
0.893444502058
0.893414284975
0.893232993205
0.893051719831
0.892961090043
0.892810050616
0.892628820166
0.89259861688
0.892477808844
0.892357009496
0.892296612632
0.892206021169
0.892175825036
0.892055045617
0.891964466418
0.89190408284
0.891813511306
0.891662568969
0.891481455028
0.891390904956
0.891239998389
0.891209818609
0.890847701103
0.890817527966
0.890666669945
0.890515824698
0.890485657182
0.890364992227
0.890304662815
0.890214172531
0.890123686845
0.890063365609
0.889912571463
0.889852257382
0.889791945344
0.889761790092
0.889701481121
0.88958086931
0.88952056647
0.889460265675
0.889430116044
0.889339670216
0.889128647837
0.889098503827
0.889038217339
0.888887510063
0.888766953441
0.88861626916
0.888525864724
0.888375200883
0.888284808711
0.888164292968
0.888104038163
0.887953410092
0.887863039382
0.887802794797
0.887682311759
0.887531719458
0.887471486115
0.88744137021
0.88729079835
0.887200461366
0.887170350059
0.88711012898
0.887080019207
0.886869265104
0.886839159419
0.886809054245
0.886688638659
0.886628433932
0.886598332335
0.886568231249
0.886387635464
0.886116776279
0.885966316839
0.885936226484
0.885845958485
0.885815870174
0.885755695086
0.885725608308
0.885695522041
0.885575182083
0.885454850301
0.885274367959
0.885214211266
0.885154056617
0.885063828476
0.885033753451
0.884973604935
0.884943531443
0.884853314033
0.884733031307
0.884672893011
0.884552622549
0.884462425069
0.88440229597
0.884342168915
0.884312106154
0.884221920938
0.884191860221
0.884071622463
0.884041564302
0.883981449511
0.883921336764
0.883861226062
0.88377106384
0.883680906218
0.883650854699
0.883620803691
0.883590753194
0.88350060477
0.883440508375
0.883380414025
0.883290276331
0.883200143237
0.883019891356
0.88298985108
0.882959811314
0.88277958345
0.882689476417
0.882599373983
0.882539308248
0.882419182912
0.882329094274
0.882299065751
0.882239010236
0.882148930797
0.882118905339
0.882088880393
0.881968785716
0.881878720074
0.881818678867
0.881788659031
0.881698602587
0.881668584794
0.881578534482
0.881368434972
0.88130841114
0.881158360502
0.881068336251
0.880918306053
0.880888301546
0.880828294066
0.88076828863
0.880708285238
0.880528287325
0.880468292109
0.880288318724
0.880228331684
0.880108363736
0.88001839314
0.8798984395
0.879778494036
0.87971852437
0.879628573703
0.879328771363
0.879298793939
0.879238840625
0.879208864735
0.879178889355
0.879148914487
0.878999047809
0.878969076007
0.878759288208
0.878639420416
0.878549524938
0.878459634059
0.878399709361
0.878189989015
0.878040204098
0.87786047906
0.877800574802
0.877680772419
0.8776508231
0.877441192179
0.877291471648
0.877201645155
0.877022005966
0.876962130324
0.876752581675
0.876572988476
0.876483198775
0.876393413673
0.876333559494
0.876273707358
0.876154009219
0.876094163215
0.87606424098
0.876004398042
0.87597447734
0.875944557149
0.875884718299
0.875735130118
0.875705214014
0.875645383341
0.875615468771
0.875585554711
0.875465903584
0.875376170605
0.875346260633
0.875256533786
0.875226625858
0.875106999259
0.875047189026
0.874927574691
0.874897672385
0.87477806827
0.874688370549
0.874449199112
0.874359518254
0.874329625657
0.874269841996
0.874150280805
0.874090503276
0.874060615278
0.874030727791
0.873970954349
0.873941068395
0.873851413599
0.873731881024
0.873701999158
0.873612356626
0.873403209113
0.873134341303
0.873104469657
0.873044727898
0.872984988182
0.872925250511
0.872835647837
0.872716184759
0.872596729857
0.872507144045
0.87247728313
0.87235784458
0.87220855789
0.872148846791
0.872118992008
0.872089137736
0.871939874041
0.871820472283
0.87176077447
0.87161153888
0.871462316065
0.871402630516
0.871223586133
0.871104233431
0.87101472427
0.870925219709
0.870805887447
0.870626904384
0.870477765885
0.870447939718
0.870388288917
0.87032864016
0.870209348779
0.870119885608
0.870030427036
0.869911156095
0.869732265013
0.869702451621
0.869583203163
0.869493772186
0.869434154089
0.869374538036
0.86928511779
0.869255312063
0.869195702142
0.869016884644
0.868987083517
0.868927482794
0.868897683199
0.868867884115
0.86874869289
0.868718896361
0.868629509841
0.86854012792
0.868420959179
0.868361377874
0.868301798614
0.868182646225
0.868093287298
0.868063502012
0.867944365975
0.867795457426
0.867706118429
0.86758700692
0.867497678654
0.86734880843
0.867199950982
0.867051106308
0.866991572016
0.866753458353
0.866723696061
0.866604652004
0.866574892268
0.866455858431
0.866366588419
0.866277323006
0.866217815286
0.86615830961
0.866069054928
0.865979804845
0.86595005584
0.865890559362
0.865771572537
0.865444400928
0.865355183038
0.865295707
0.865265969747
0.864909162575
0.864819972279
0.864760514637
0.864611879475
0.864552428987
0.864344368375
0.864314647475
0.864255207207
0.864225487839
0.864017466575
0.863987751295
0.863928322269
0.863898608523
0.863779758647
0.863720336775
0.863601499164
0.863452963646
0.863393553016
0.863334144431
0.863215333391
0.863126230477
0.863096530527
0.863007433745
0.86288864519
0.862858949328
0.86276986481
0.862710477686
0.862651092606
0.862562018819
0.862532328579
0.862472949631
0.862443260924
0.862383885042
0.862324511204
0.862294825052
0.86223545428
0.862116718869
0.862057354229
0.861849594087
0.861760561691
0.861730885248
0.861612184585
0.861523164453
0.861404478097
0.861256131651
0.861137463692
0.861048468088
0.860989140241
0.860900152302
0.860840829564
0.86063321608
0.860603559054
0.860544246537
0.860366321249
0.860188414356
0.860158764996
0.86001052586
0.859891943749
0.859773369815
0.859654804056
0.859536246473
0.859417697067
0.859328790377
0.859210255279
0.85900283853
0.858913953302
0.858884325915
0.858825072674
0.85879544682
0.858706572323
0.858676948513
0.858528837128
0.858380738517
0.858203037048
0.858025353975
0.857877298799
0.857729256399
0.857670043016
0.857610831677
0.857462812272
0.857433209924
0.857344405946
0.857226007796
0.857078021606
0.857048425901
0.856989236024
0.856870862402
0.856663728237
0.856604551646
0.856574964117
0.856456619111
0.856338282282
0.856219953628
0.856072054308
0.856042475977
0.856012898157
0.855953744051
0.855894591988
0.855865016723
0.855746720773
0.855539722535
0.855510153402
0.85548058478
0.855391881981
0.855332749336
0.855244054201
0.855214490178
0.855184926666
0.855096239197
0.854977996391
0.854948436968
0.854830204382
0.854741535309
0.854623317031
0.854534658689
0.85450510693
0.854446004946
0.85403237128
0.853884661032
0.853796041014
0.853766502031
0.853618814777
0.853471140298
0.853441606935
0.853382541743
0.85326441749
0.853175829666
0.852939617952
0.852792002238
0.852703438942
0.852496809137
0.852378746204
0.85229020437
0.852201667135
0.852142644867
0.852054115297
0.851965590326
0.851906576233
0.851877069954
0.851759049945
0.851670540304
0.851582035263
0.851464035694
0.851434537079
0.851375541383
0.851287051671
0.851139579039
0.851051101591
0.850962628742
0.850933138814
0.850903649398
0.850815184214
0.850785696842
0.850638267644
0.850549816257
0.85046136947
0.850343447574
0.850137103929
0.850048678603
0.849930785323
0.849842370729
0.849783430221
0.849753960733
0.849665555337
0.849488758341
0.849459293964
0.849311979741
0.84922359734
0.849164678294
0.849135219538
0.84895847773
0.848899567882
0.848811206943
0.848722850603
0.848693399511
0.848663948931
0.848457809176
0.848428362683
0.848398916702
0.848310581824
0.848281137887
0.848133925865
0.847986726618
0.847898413202
0.847780669134
0.847662933243
0.847427485988
0.847339201699
0.847280348062
0.84713322291
0.847044953951
0.846839010932
0.846721340449
0.846633092952
0.846486024011
0.846397788778
0.846309558144
0.846191924453
0.846133110674
0.846044893837
0.845897875996
0.845780270921
0.84572147145
0.845662674022
0.845574481714
0.845545085299
0.845486294004
0.845456899123
0.845398110894
0.845368717545
0.845309932382
0.845221758469
0.845133589156
0.845016037225
0.84498665052
0.844839724659
0.844604669854
0.844457777209
0.844369647753
0.844281522897
0.844252148967
0.844164030243
0.844134658356
0.844105286981
0.843899701664
0.843840967601
0.843811601335
0.843723505606
0.843694141385
0.843606051788
0.843576689611
0.843488606146
0.843429886391
0.84334181059
0.843253739389
0.843165672787
0.843048257805
0.84284280126
0.842784103989
0.842578679637
0.842431963287
0.842314599405
0.842197243699
0.842050560565
0.841874557666
0.841815894121
0.84161058781
0.841405306539
0.841288014197
0.841200050307
0.841082772273
0.841024136322
0.840994819114
0.840936186229
0.840789612959
0.840643052465
0.840584431844
0.840555122301
0.840408582246
0.840291359401
0.840203447633
0.840174144732
0.839998338058
0.839910441619
0.83982254978
0.839617488239
0.839558903389
0.83944173982
0.839324584427
0.839266009796
0.839236723247
0.839178151683
0.839061014686
0.838914604937
0.838797486336
0.838680375911
0.838563273662
0.838504725604
0.83844617959
0.838416907349
0.838358364401
0.838329093693
0.838299823496
0.838153480178
0.838094946427
0.838065680319
0.837977885059
0.837860831866
0.837773047337
0.837714526873
0.837597492076
0.837480465456
0.837392700856
0.837275688543
0.837246436743
0.837100185404
0.836866217501
0.836778485094
0.83674924198
0.836632274636
0.836544554493
0.836515315468
0.836427601457
0.836281421659
0.836164487019
0.836106022765
0.836047560555
0.835989100389
0.835901413972
0.835842958916
0.835638382317
0.835609159132
0.835521492645
0.835463050875
0.835433830756
0.835316955392
0.835287737829
0.835258520776
0.835141657676
0.835112443179
0.835083229192
0.835024802752
0.834937166925
0.834849535697
0.834820326309
0.834703493869
0.834645080716
0.83452826054
0.834440650773
0.834353045606
0.834148651434
0.834031866007
0.833915088755
0.83388589572
0.83379831968
0.833652369833
0.833535619153
0.833360508464
0.833243778225
0.833185416171
0.833039519979
0.832951988397
0.832922812224
0.832776939028
0.832718593326
0.832689421242
0.832660249668
0.832631078606
0.832514399467
0.832456062963
0.832339396088
0.832222737389
0.832106086866
0.831989444519
0.831872810348
0.831814496329
0.831697874422
0.831610413357
0.831522956891
0.831464655136
0.831348057757
0.831260615088
0.831231468554
0.831173177019
0.831114887527
0.831085743548
0.830969172741
0.830852610111
0.830823470731
0.830677781495
0.830590374085
0.830444705801
0.830328179962
0.83029904978
0.830269920109
0.830182534161
0.830124279418
0.830095152813
0.829949527452
0.829862158368
0.829774793883
0.829629196627
0.829600078709
0.829541844406
0.829512728021
0.829483612147
0.829396267591
0.829367153761
0.829279815336
0.829163371258
0.829134261516
0.828959613795
0.828872296833
0.82878498447
0.828755881371
0.828639474084
0.828581273507
0.828552173985
0.828435781007
0.828377587584
0.828319396205
0.828232112969
0.828115742475
0.828086651129
0.828057560294
0.827970290856
0.827941202065
0.827912113785
0.827883026016
0.82776668005
0.827737594836
0.827679425941
0.827475850905
0.827330455496
0.827301377947
0.827214148366
0.827185072861
0.826981559146
0.826836207171
0.826603670584
0.826487414555
0.826429289606
0.826342106015
0.826283986177
0.826080582838
0.826051527262
0.825819101051
0.825760999609
0.825615754945
0.825470523056
0.825296261652
0.825180097603
0.825151057868
0.825122018644
0.825092979931
0.82506394173
0.82497683019
0.824918758386
0.82488972325
0.824860688625
0.824831654511
0.824744555236
0.82465746056
0.824541341479
0.824425230574
0.824396204125
0.824367178188
0.824309127845
0.824193033292
0.824018906793
0.823960868715
0.82387381543
0.823699722657
0.823670708983
0.823612683169
0.823583671028
0.82343861799
0.823409608915
0.823351592299
0.823293577727
0.823177554714
0.823148550238
0.823032537446
0.822974534116
0.822945533217
0.822800536389
0.822771538556
0.822713544424
0.822597562292
0.822568568036
0.822481588335
0.822452596124
0.822365622555
0.822278653585
0.822191689215
0.822133715522
0.822075743874
0.822046758817
0.821930823696
0.821901841194
0.821814896752
0.82172795691
0.82166999957
0.821583067392
0.821554091022
0.821496139814
0.821467164976
0.821438190649
0.821322298453
0.821264355421
0.821090538589
0.820945705282
0.820829847834
0.82080088475
0.820713998562
0.820598157466
0.82051128201
0.820395455222
0.820366499803
0.820308590497
0.820279636611
0.820192778017
0.820134874843
0.820105924023
0.820076973714
0.820048023915
0.820019074628
0.819903282588
0.819874335856
0.819845389634
0.819613838259
0.819527014925
0.819382319588
0.81932444503
0.819295508518
0.819237637026
0.819035102902
0.818919380359
0.818890451
0.818832593817
0.818745811874
0.818601185522
0.818572261785
0.818514415843
0.818456571945
0.818340890282
0.818225216795
0.818167383117
0.818051721894
0.81787824539
0.817589161828
0.817531350635
0.817386831594
0.817357929318
0.817242325327
0.817126729513
0.817097831836
0.81695335112
0.816808883179
0.816779991124
0.81675109958
0.816577761046
0.816548873079
0.816519985623
0.816375556007
0.816317787738
0.816144495194
0.815971221046
0.815769091124
0.815653599554
0.815538116159
0.815364906398
0.815278308415
0.815105126248
0.814874245307
0.814701106064
0.814643397071
0.814585690122
0.814556837414
0.814499133531
0.814412581539
0.814354882766
0.814326034146
0.814181798711
0.814152953157
0.813979890564
0.813864525722
0.813806846367
0.813691493789
0.813604984721
0.813547314564
0.813403148114
0.81325899444
0.81311485354
0.813028375132
0.812970725416
0.812913077743
0.812884254673
0.812768967503
0.812740146988
0.812711326984
0.812624870039
0.81256723463
0.812394340668
0.812192654296
0.812135034217
0.812048607931
0.811875769157
0.811674147171
0.81155894585
0.811501348255
0.811472550225
0.811414955696
0.811328567736
0.811299772771
0.811213390942
0.811184598022
0.811040641083
0.810983061884
0.810896696919
0.81083912283
0.810695196551
0.810580064726
0.810493721223
0.810464941077
0.810407382319
0.810349825605
0.810263494365
0.810119619187
0.809946985836
0.809831907155
0.809659304464
0.809573010017
0.809544246223
0.80951548294
0.80931415427
0.809141606767
0.809112850638
0.808997831744
0.808969078171
0.808911572557
0.808767817463
0.808739067978
0.808652822587
0.808566581795
0.808537835887
0.808480345602
0.808451601227
0.808422857362
0.808307887014
0.808192924841
0.808135446821
0.808106708578
0.808077970845
0.807991760713
0.807819354247
0.807761889513
0.807646966177
0.807474596503
0.807445870012
0.80733096916
0.807302245225
0.807187354592
0.807101191984
0.806957597856
0.806928880564
0.806814016504
0.806727873825
0.80669916062
0.806613024073
0.806526892124
0.806383349097
0.806297229413
0.806182410321
0.806096301368
0.806067599405
0.806010197013
0.805809304738
0.805665825586
0.805522359209
0.805464976236
0.805407595306
0.80535021642
0.805264151924
0.805063352652
0.804948621452
0.804862578418
0.804776539983
0.804690506147
0.80457580152
0.804403759909
0.804260405952
0.804203067947
0.804117064771
0.803973736364
0.803916408579
0.803887745453
0.803773098058
0.803687117877
0.803658458839
0.803629800311
0.803515171312
0.803371896561
0.803314590238
0.803285937842
0.803142683531
0.803114034202
0.803085385384
0.80302808928
0.802999441995
0.802913503206
0.802798925307
0.80277028211
0.802627073789
0.802598433657
0.80251251633
0.802455240667
0.802312060451
0.802254791941
0.802140261055
0.802082998677
0.80191122381
0.801825343274
0.801710843048
0.801653596001
0.801567729262
0.801539108038
0.801481867123
0.801310156641
0.801224308299
0.801138464556
0.801109850997
0.80099540187
0.800938180373
0.800823743511
0.800680708931
0.800566290465
0.800537687126
0.800394678096
0.80033747806
0.800194486915
0.80010869836
0.800051508545
0.800022914404
0.799994320774
0.79990854295
0.79970841258
0.799679824571
0.799651237073
0.799565477645
0.799508307248
0.799451138895
0.799308226955
0.799222485923
0.799193906601
0.799079594424
0.798965290422
0.798908141487
0.798822421917
0.798650996575
0.798508156175
0.798422458068
0.798393893054
0.798336764559
0.798251075649
0.798165391339
0.798136830924
0.798079711627
0.797936922328
0.797822700087
0.797765592032
0.797708486021
0.797679933782
0.79750863108
0.797480082419
0.797422986628
0.797337346775
0.797280256094
0.797108996316
0.796966293887
0.796852141142
0.796737996573
0.79656679505
0.796538263251
0.796424141166
0.796310027257
0.796224447191
0.796167396368
0.796024778255
0.795939213519
0.795882172916
0.795853653381
0.795796615845
0.795711063373
0.795682546904
0.795597000564
0.79556848614
0.795482945931
0.795397410322
0.795340389138
0.795311879312
0.795254861194
0.79514083109
0.795055313877
0.795026809161
0.794855791598
0.79474179011
0.794627796797
0.794542307178
0.794485316654
0.7943998347
0.79422888459
0.794086440217
0.793944008619
0.793887039557
0.793716144635
0.793602224906
0.793573746252
0.793545268108
0.793345935412
0.793260514778
0.793089687308
0.793004280472
0.792918878234
0.792861945964
0.792748087556
0.792577315274
0.792548855016
0.792406561389
0.792292735685
0.792235825899
0.792122012459
0.792065108805
0.792036657745
0.792008207195
0.79183751463
0.791752175246
0.791581510274
0.791524626039
0.791467743847
0.791382424392
0.791353985595
0.791211799278
0.791098059423
0.790955896101
0.79092746497
0.790756888913
0.790728461358
0.790643181761
0.790529482786
0.79044421392
0.790358949653
0.790273689985
0.790245271118
0.790216852762
0.790017938576
0.789904284569
0.789819049429
0.78970540973
0.789591778207
0.789421346252
0.789279333676
0.789165732813
0.789137333875
0.789080537531
0.789023743232
0.788966950977
0.788910160765
0.788739802395
0.78868302036
0.788654630108
0.788597851139
0.788484299332
0.788399140843
0.788257220247
0.788228837661
0.788200455586
0.788001795368
0.787888286485
0.787859910542
0.787774785779
0.787689665614
0.787604550049
0.787576179216
0.787405964948
0.787377597692
0.787179041208
0.787122315382
0.787065591601
0.786923791091
0.786696936847
0.786668582366
0.786611874936
0.786555169551
0.78638506566
0.786271673286
0.786186634371
0.786044913577
0.785931545731
0.785903205047
0.785846525212
0.785761509292
0.785676497971
0.785648161886
0.785506489127
0.785478156108
0.785421491603
0.785336498678
0.785279839283
0.785109873362
0.784996572969
0.784911603039
0.784854958974
0.784769996709
0.784741676976
0.784600085977
0.784430193641
0.784345254371
0.784288630746
0.784090464156
0.784062156687
0.784005543283
0.783948931922
0.783920627008
0.783892322605
0.783835715332
0.783807412463
0.783694206093
0.783552709629
0.783524411869
0.783467817883
0.783382930735
0.783354636042
0.783298048187
0.783128296887
0.782958563983
0.782845418934
0.782788849476
0.782675716691
0.782619153364
0.782562592082
0.782534312207
0.782506032843
0.782477753991
0.78236464369
0.782223267311
0.782110175406
0.782081903707
0.781997091677
0.781968822023
0.781912284246
0.781799214825
0.781657889547
0.781573100512
0.781431795674
0.781403536239
0.78129050361
0.781092716184
0.781036210089
0.781007957809
0.780979706039
0.780838454856
0.780697216448
0.780612479535
0.780471261567
0.780358296391
0.780330056374
0.780217101418
0.780188863956
0.780132390566
0.780104154638
0.780047684313
0.780019449918
0.77996298266
0.7797371356
0.77965245081
0.779624223568
0.779595996838
0.779483095026
0.779313757637
0.779257315929
0.779200876265
0.779031569537
0.77889049465
0.778777643938
0.778636592046
0.778551967042
0.77852375973
0.77841093559
0.778354526586
0.778326322851
0.778298119626
0.77824171471
0.778044313601
0.77793152421
0.777846937532
0.777734162448
0.777677777972
0.77762139554
0.777565015153
0.777395886253
0.777367699892
0.777311328702
0.777198592455
0.777057683643
0.776944965792
0.776860432769
0.776775904345
0.776635033858
0.776466006137
0.776381499175
0.77635333121
0.776325163756
0.776212499048
0.776128005884
0.776099842517
0.776043517318
0.775959033351
0.775846395216
0.77581823696
0.775790079214
0.775733765257
0.775677453343
0.775649298153
0.775621143474
0.775564835648
0.775424075027
0.775255179145
0.77522703162
0.775114446629
0.774973726888
0.774917442568
0.774804880061
0.774692325731
0.774664188426
0.774579779576
0.774467241597
0.774270319808
0.774242190168
0.774157804314
0.774045296995
0.774017171443
0.773848429372
0.773707824607
0.773679705187
0.773595349992
0.773567232616
0.773398539091
0.773229863961
0.773201753228
0.773173643006
0.773089315406
0.772864464289
0.77280825662
0.772780153552
0.772752050995
0.772611545875
0.772583446384
0.772527248935
0.772442956594
0.772414860169
0.772358668852
0.77224629235
0.772218199502
0.772133924024
0.772049653145
0.772021563874
0.7719092119
0.771881125184
0.771824953285
0.771740699269
0.771572205035
0.771459885765
0.771431807225
0.771375651678
0.771347574671
0.771263346716
0.77117912336
0.771122977012
0.771094904604
0.771010690446
0.770870343736
0.770786141843
0.770617751852
0.770561625944
0.770477440913
0.770393260481
0.770365201359
0.770196857359
0.770168801814
0.770112692258
0.770056584745
0.770000479276
0.769916324906
0.769888274471
0.769748029962
0.769663889388
0.769551709111
0.769495622039
0.769383454025
0.769299333381
0.769271294188
0.769103069763
0.768934863733
0.768710617643
0.768570480444
0.768514429142
0.768374309828
0.76831826568
0.768178164251
0.768122127257
0.767982043713
0.767813960324
0.767589877755
0.767477848734
0.767449842757
0.767337823956
0.767253815221
0.767085811548
0.767029814412
0.766889830514
0.766805846307
0.766777852593
0.766749859391
0.766693874519
0.766609901043
0.766497943563
0.76646995547
0.766413980818
0.76635800821
0.766330022672
0.76627405313
0.766246069125
0.766162120178
0.766106156768
0.765966257185
0.765882323567
0.765798394549
0.765686496344
0.765518664368
0.765490694161
0.765406786604
0.765238985288
0.765211020191
0.765155091529
0.765015278816
0.764987317807
0.764931397321
0.764903437845
0.764847520425
0.764819562481
0.764735691717
0.76459591733
0.764567963985
0.764512058829
0.764484107018
0.764372304882
0.764288458646
0.764176670818
0.764092835313
0.764036947531
0.763925178099
0.763841356391
0.763729601268
0.763701663764
0.763589918861
0.763561983912
0.763534049475
0.76322680439
0.763170948291
0.763059242223
0.762975468038
0.762891698452
0.762752092696
0.762724173077
0.762668335374
0.762640417288
0.762556666099
0.762500834527
0.762417091002
0.762333352076
0.76219379742
0.762054255539
0.761998442363
0.761914726432
0.7618310151
0.761719407146
0.761552010543
0.761440423028
0.761245164551
0.761217272527
0.76110570954
0.761022042665
0.760826837843
0.760715303472
0.760520137997
0.760408626111
0.760324997561
0.760185626866
0.760046268945
0.7599069238
0.759767591429
0.759628271834
0.759544686208
0.759433245862
0.759377528755
0.759321813692
0.759293956927
0.759210389698
0.759154680767
0.759098973879
0.759043269036
0.758876166771
0.758736928936
0.758597703876
0.758569860397
0.758486333026
0.758402810254
0.758319292081
0.758291453712
0.758235778507
0.758207941671
0.758180105346
0.758152269532
0.758068765156
0.757985265379
0.757929601416
0.757846109305
0.757734793643
0.757623486157
0.757289612756
0.757261793294
0.757122703649
0.757039255995
0.756955812939
0.75690018679
0.756844562686
0.756788940625
0.756622086707
0.756538666646
0.756399643432
0.756288434058
0.756205032394
0.756177232861
0.756149433839
0.756038242862
0.755927060061
0.755788093057
0.755704718986
0.755676928651
0.755537984643
0.755399053409
0.7553157008
0.755232352791
0.755121229266
0.75506567057
0.754926782771
0.754843456224
0.75481568173
0.754676816926
0.754621274582
0.754537964898
0.754426892473
0.754315828224
0.754260299166
0.754177009411
0.754121485462
0.754065963558
0.753982684534
0.753954925881
0.75392716774
0.753871652989
0.753760629621
0.753732875056
0.75367736746
0.753538607411
0.753483106969
0.753427608571
0.753344364806
0.753316617906
0.753288871518
0.753233380274
0.75315014724
0.753066918805
0.753039177015
0.752900475732
0.752872737009
0.752706315398
0.752539912184
0.752428986928
0.752318069847
0.752068536822
0.752013090546
0.751846763981
0.751735889825
0.751680455813
0.751541879726
0.751403316413
0.751375605284
0.751292474962
0.751209349238
0.750987703127
0.750710691477
0.750572204815
0.750572204815
0.750461424683
0.750350652728
0.750322961016
0.750267579127
0.750239888948
0.750184510124
0.750073758609
0.749935331223
0.749907647177
0.749879963641
0.749824598103
0.749796916101
0.749686193202
0.749575478478
0.749547801075
0.749520124183
0.749437096572
0.749326400244
0.749215712093
0.749188041333
0.749160371083
0.749049695196
0.748994360319
0.74882836795
0.748551773278
0.748385829965
0.748330519616
0.748247557924
0.748219905049
0.748192252685
0.748109298658
0.748081648338
0.747860464172
0.74780517324
0.747749884353
0.747611671077
0.747528749243
0.74733528285
0.747280011337
0.747252376347
0.747141841496
0.747058945723
0.74700368443
0.74697605455
0.746837913325
0.746810286511
0.746782660208
0.746699784365
0.746672160105
0.746644536357
0.746561668179
0.7464788046
0.746423564768
0.746340708854
0.746285474133
0.746257857539
0.746147396272
0.746092168705
0.746064555688
0.746036943182
0.745981719703
0.745843669947
0.745678027104
0.745650421752
0.745622816911
0.745567608762
0.745484800371
0.745429597332
0.745401996579
0.745291598676
0.745208805615
0.74518120895
0.744960454026
0.744850088828
0.744794909295
0.74462938296
0.74451904229
0.7444914584
0.744436292153
0.744408709797
0.744270805677
0.744188069337
0.744050185657
0.744022610454
0.743939887911
0.743857169968
0.743829598342
0.74374688653
0.743719316948
0.743691747877
0.743553910188
0.743498778689
0.743388521823
0.743333396456
0.743223151855
0.743195591982
0.743085357601
0.743030243476
0.742837360136
0.742699601652
0.742672051488
0.742589404062
0.742506761236
0.742479214649
0.742313945859
0.74217623592
0.742148695465
0.742121155522
0.742066077167
0.741900854878
0.741735650475
0.741625524426
0.741542935254
0.741515406553
0.741487878362
0.741460350682
0.741295195335
0.74124014764
0.741130058383
0.740964939828
0.740909904398
0.740827355084
0.740772324764
0.74074481037
0.740607246067
0.740552223923
0.740332155785
0.740304649567
0.740277143861
0.740249638665
0.740084618222
0.740002114899
0.739974614814
0.739892117623
0.739809625031
0.739699642062
0.739617160202
0.73958966727
0.739452210277
0.739397231057
0.739259791949
0.739177334616
0.739094881882
0.739039915948
0.738984952058
0.738847551275
0.738820072652
0.738737639847
0.738572788035
0.738545314521
0.738435425577
0.738353014746
0.738270608002
0.738188205858
0.738160739498
0.738023415366
0.737666435475
0.737501703237
0.737391891965
0.737336989395
0.737309538877
0.737282088869
0.737227190387
0.737144846497
0.7370076169
0.736952728638
0.736815516926
0.736733196031
0.736568568038
0.736458826262
0.736431392096
0.73640395844
0.736294228929
0.736184507593
0.736157078537
0.736129649992
0.736047367422
0.735937664482
0.735910240025
0.735745704012
0.735663442904
0.73560860472
0.735471518204
0.735416687174
0.735334444462
0.735279618543
0.735087743921
0.735060335305
0.734978112522
0.734868489299
0.734731471767
0.734704069794
0.734567067593
0.734539668686
0.734375285973
0.734265707719
0.734238314432
0.734073965446
0.734046575737
0.733854862081
0.733827476459
0.733690556019
0.733581028864
0.733526268353
0.733498888863
0.733389376017
0.733361999083
0.733279871346
0.733170375363
0.733143002517
0.732978776171
0.73286930216
0.732787202018
0.732650378668
0.732568290789
0.73240412883
0.732376770292
0.732294697744
0.732239985266
0.732130566444
0.731966453541
0.731911753328
0.731884403988
0.731857055159
0.731775011738
0.731638282923
0.731583594974
0.731556251766
0.731446884043
0.731364863617
0.731200836563
0.731118829934
0.731036827904
0.730900168074
0.730845507719
0.730790849408
0.730626886739
0.730544912304
0.730490265235
0.73043562021
0.730380977229
0.73029901659
0.730162425746
0.729971220025
0.729916594419
0.729807349337
0.729780039344
0.729725420891
0.729616190118
0.729561577797
0.729534272403
0.729397753099
0.729315847649
0.72926124657
0.729179348784
0.729152050544
0.729042862695
0.728933683022
0.728851803632
0.728797219928
0.728742638267
0.728715348203
0.728660769609
0.728606193058
0.728415191228
0.728387907296
0.728333340965
0.728278776679
0.728142374905
0.728115096083
0.728033262684
0.727924158639
0.727842335971
0.72781506277
0.727705975077
0.727569626959
0.727542358868
0.727406026079
0.727296969047
0.727269706066
0.727215181638
0.727106138913
0.727024362235
0.726942590156
0.726915333818
0.726833567871
0.726751806523
0.726697301513
0.72661554783
0.726588297624
0.726506550073
0.726452054261
0.726424807122
0.726397560493
0.726343068769
0.726234091452
0.726043400822
0.725961683931
0.725879971639
0.725825499333
0.725798263947
0.72568932751
0.725607630549
0.725525938186
0.725471479166
0.725444250422
0.725389794468
0.72530811437
0.725253663525
0.725117545358
0.725008660022
0.724927001385
0.724845347348
0.724709267505
0.724600412829
0.724518777188
0.72440993682
0.724382728005
0.724301104628
0.724273897857
0.724219485849
0.72413787167
0.72405626209
0.724029059918
0.723893056726
0.72378426337
0.723702673719
0.723675478191
0.723648283173
0.723621088667
0.723457932359
0.723349171708
0.723294794448
0.723240419232
0.723158860241
0.723022938809
0.722968573813
0.722941392082
0.722887030152
0.722859849954
0.722778312425
0.722696779495
0.722588076075
0.722560901498
0.722425036276
0.722343523275
0.72228918383
0.722207678494
0.722126177757
0.722044681619
0.72196319008
0.721936027256
0.721854541849
0.721773061041
0.721582957041
0.7214471838
0.721311423334
0.721175675642
0.72109423316
0.721067086687
0.720985650337
0.720849933306
0.720741368879
0.72071422905
0.720551400806
0.720497128812
0.720415724655
0.720307192932
0.720171539776
0.720035899395
0.719954521299
0.719818901358
0.719791778903
0.719656174292
0.719629054903
0.719574817658
0.719547699802
0.719439233488
0.719385003396
0.719168103472
0.719140993281
0.719059665773
0.718978342865
0.718924130148
0.718897024556
0.718869919475
0.71862599674
0.718517599922
0.71840921128
0.718300830814
0.718111184672
0.717894478417
0.717867392243
0.71770488593
0.717650721247
0.717623639672
0.717596558608
0.717569478055
0.717434082955
0.717352852028
0.717298700631
0.717244551278
0.717217477368
0.717163331081
0.717109186838
0.717082115483
0.716946766374
0.716919698085
0.71686556304
0.716784364305
0.716703170169
0.716621980633
0.716486674958
0.716432556266
0.716378439617
0.716297268476
0.716270212451
0.716216101935
0.716189047443
0.716161993462
0.716053782649
0.715864433399
0.71583738555
0.715675109188
0.715621021155
0.715539892939
0.715404689465
0.715215426063
0.715080253249
0.715026187701
0.714999155693
0.71494509321
0.714918062736
0.714782918027
0.714620761239
0.714593736897
0.714512666934
0.714404580805
0.714350540807
0.714323521574
0.714107386109
0.71399933064
0.713891283347
0.713702220258
0.713513182209
0.713324169198
0.713297169383
0.71327017008
0.713216173006
0.713189175235
0.713162177975
0.713027199342
0.712946218294
0.712865241845
0.712838250718
0.712811260101
0.712676314683
0.712649327133
0.712514397045
0.712406462172
0.712379479732
0.712298535476
0.712244575194
0.712109683431
0.711974804443
0.711920856425
0.711759024635
0.711678115639
0.711651146995
0.711624178863
0.711489345865
0.711435416243
0.711300601131
0.711246678663
0.711219718195
0.711084923523
0.710977096983
0.710869278619
0.710465060677
0.710384225265
0.710195627188
0.710114807106
0.710087868101
0.710033991623
0.709926244799
0.709791572767
0.709764639894
0.709603053385
0.709576124088
0.709549195303
0.709441485272
0.709360708114
0.709333783416
0.709279935555
0.709226089737
0.709118404234
0.709037645472
0.708903057755
0.708822311257
0.70879539678
0.708741569358
0.708687743981
0.708660832058
0.708633920647
0.708526280112
0.708499371256
0.70847246291
0.708230312331
0.708203409096
0.708095801265
0.708068900585
0.708042000415
0.708015100757
0.707961302974
0.707799921887
0.707773026828
0.707638559197
0.70755788475
0.707504104341
0.707450325975
0.70736966226
0.707154581502
0.707127698707
0.70707393465
0.706993292396
0.706966412667
0.706939533449
0.70685889886
0.706832021686
0.70675139323
0.706670769372
0.706590150114
0.70656327805
0.706402056396
0.706321452468
0.706187122807
0.706160258408
0.706052805922
0.705999082745
0.705864783744
0.705837925477
0.705811067721
0.705730497519
0.705649931916
0.70551566613
0.705435112791
0.705247172885
0.705193480368
0.705166634876
0.705086101466
0.705005572655
0.704925048443
0.704898208061
0.704710339695
0.704576163335
0.704522496368
0.704495663651
0.704388337893
0.704227364586
0.704120059268
0.704039585645
0.703985939119
0.703851831744
0.703825011802
0.703664102882
0.703556840488
0.703503212357
0.703422773993
0.703395962228
0.703342340229
0.703261911063
0.70315467933
0.703074260895
0.702993847059
0.702967043469
0.702940240391
0.70285983422
0.702806232661
0.702725834156
0.702699035676
0.702618643302
0.702484666233
0.702404286124
0.702350701939
0.702323910613
0.702297119799
0.70221675042
0.702136385641
0.70205602546
0.701975669879
0.701922102047
0.701868536258
0.701788191408
0.701707851156
0.701627515504
0.70149363297
0.701413309582
0.701359763212
0.701279447488
0.701172367012
0.701118829839
0.701092062019
0.70098499585
0.700931465832
0.700877937858
0.700851174637
0.700770888041
0.700744126864
0.700610328646
0.700556812935
0.700530055847
0.700396278068
0.700316017533
0.700209010641
0.700128760837
0.699968275026
0.699941529179
0.699807807611
0.699700839555
0.699647358593
0.69948692797
0.699433455184
0.699246316529
0.699139391396
0.69892556566
0.698898839742
0.698818665056
0.698685050798
0.698551449315
0.698444577327
0.698364428702
0.698337713515
0.698284284675
0.698204145248
0.698150721518
0.698097299832
0.697937047038
0.697910340028
0.697830222062
0.697750108696
0.697723405262
0.697616596638
0.697563195393
0.697483097356
0.697403003919
0.697376307128
0.697242830841
0.697216137117
0.697109367329
0.697055985501
0.697002605718
0.696869165201
0.69684247863
0.696762421985
0.696709053443
0.696602322492
0.696575641031
0.696522279644
0.6964689203
0.696415563
0.696388885117
0.696362207744
0.696282178693
0.696175480446
0.696042119134
0.695962108479
0.695935439283
0.695802100966
0.695748769217
0.695615448785
0.695508801638
0.695375504202
0.695348846247
0.695215564141
0.695108947654
0.694975688543
0.694922388475
0.694842442206
0.694815794472
0.694762500537
0.694655918798
0.694575987859
0.694549345235
0.694469420428
0.694362861173
0.694203037621
0.694043232465
0.694016600061
0.693910075554
0.69383018754
0.693670425308
0.693563927373
0.693510681472
0.693377575661
0.693324336914
0.693244482626
0.693004947355
0.692925111462
0.692792061862
0.692712238234
0.692632419205
0.692446192688
0.692339788778
0.692286589889
0.692233393044
0.692153601609
0.692073814773
0.691940846932
0.691914254897
0.69186107236
0.691754713418
0.691568604943
0.691542020062
0.691435685648
0.691409103322
0.691355940204
0.691329359411
0.691196463111
0.691090155269
0.691063579586
0.691037004414
0.691010429753
0.690957281964
0.690850992518
0.690665005662
0.690425916496
0.690293107066
0.690266546713
0.690160310412
0.690080638551
0.689921308627
0.689815098898
0.689682348233
0.689629251545
0.689549610344
0.689496518765
0.689469973743
0.689284172891
0.689231091532
0.689204551619
0.689151473327
0.689045322874
0.688859579254
0.688833046495
0.68872692057
0.688541219875
0.688408591851
0.68830249863
0.688275976602
0.688143374129
0.688063818777
0.687904721869
0.687798667484
0.687745643358
0.687692621276
0.687613091985
0.6874540472
0.687374531706
0.687268518201
0.687242016102
0.687109513274
0.687083014241
0.687030017709
0.687003520209
0.686950526743
0.686871040376
0.686712081439
0.686685590072
0.686500165318
0.686447191269
0.686420705012
0.68636773403
0.686314765091
0.686208833347
0.686182351689
0.686049951061
0.685996994387
0.685917563208
0.68578518813
0.685705769216
0.6856263549
0.6855204763
0.685308748738
0.685149970696
0.685044128888
0.684964752897
0.684938295256
0.684779560138
0.684753106073
0.684647294926
0.684620843416
0.68456794193
0.684488593534
0.684329910538
0.684277020294
0.684171245939
0.683959721755
0.683933283532
0.683853971928
0.683827535748
0.683774664923
0.683721796141
0.683642496801
0.683589633129
0.683536771501
0.683457482892
0.683431054378
0.683404626374
0.68332534543
0.683193221255
0.683087530703
0.683061109343
0.683034688493
0.683008268155
0.682981848328
0.682955429011
0.682902591912
0.682823340095
0.682770508105
0.682691263953
0.682638437074
0.682559200587
0.682479968699
0.68240074141
0.682242300629
0.682189491124
0.682163087138
0.682136683662
0.682110280698
0.682083878245
0.681951873644
0.681846279161
0.681793484985
0.681687902766
0.681608721467
0.68155593649
0.681476762856
0.681397593822
0.681371205166
0.68118649888
0.681080963673
0.680975436643
0.680896296735
0.680843539352
0.680790784013
0.680632530259
0.680527037976
0.680474294901
0.680368814882
0.680105150606
0.679920616017
0.67984153743
0.679736106468
0.679657038612
0.679630683681
0.679525269071
0.679498916696
0.679367162486
0.679340813177
0.679182728054
0.679077348191
0.679024661326
0.678971976505
0.678892953106
0.678840273395
0.678813934306
0.678576906011
0.678445241226
0.678366248487
0.678287260348
0.678208276807
0.678102972573
0.677971353778
0.677839747758
0.677708154514
0.677681837398
0.677550259994
0.677523945944
0.677445006861
0.677418694855
0.677366072376
0.677208217204
0.677155602901
0.677024076086
0.676918863833
0.676761060783
0.676734762063
0.676708463854
0.676603276129
0.676550685332
0.676314052042
0.676182606988
0.676103746087
0.675998605374
0.675893472837
0.6758146288
0.675683232291
0.675551848557
0.675499298641
0.675446750768
0.675367932792
0.675236579718
0.675131506457
0.675026441372
0.675000176379
0.674921384463
0.674868859075
0.674711295174
0.674632520122
0.674553749669
0.674527493873
0.674448729552
0.6744224758
0.674317465904
0.674212464183
0.674133718258
0.673976240205
0.673871265057
0.673766298084
0.673608862956
0.673582625556
0.67353015229
0.673451446223
0.673398978067
0.673346511955
0.673294047887
0.673267816619
0.673110439745
0.673057984875
0.672979306402
0.672926856642
0.672874408926
0.672664639012
0.672585983535
0.672533549105
0.672481116719
0.672350044696
0.672297619464
0.672166565327
0.672061731726
0.672009317736
0.67195690579
0.671930700583
0.671904495888
0.671825884867
0.671773480075
0.67169487672
0.671668676624
0.6715900794
0.671511486776
0.671485290257
0.671432898751
0.671406703764
0.671328121871
0.671249544577
0.671092403785
0.670961467178
0.670856727091
0.670385516271
0.670228477169
0.670123794314
0.670097624877
0.670019119634
0.669992952242
0.66994061899
0.669862122945
0.669783631499
0.669705144652
0.669600502677
0.669574343461
0.669522026561
0.669495868878
0.669391243255
0.669338933509
0.669312779403
0.669155865497
0.669103564949
0.66902511796
0.668998969986
0.66886823778
0.668815948474
0.668789804588
0.668763661213
0.668711375996
0.668606811693
0.668502255566
0.668397707615
0.668371571905
0.66829316784
0.668267034174
0.668240901019
0.668188636241
0.668110242908
0.668031854173
0.668005725617
0.667979597572
0.667953470038
0.667848965011
0.667718345226
0.667639979486
0.667587738215
0.667431026665
0.667352677789
0.667222106548
0.667169881629
0.667065437923
0.666987110508
0.666856575038
0.666830469477
0.666804364427
0.666778259888
0.66675215586
0.666621643384
0.666595542422
0.666386753122
0.666360656759
0.666125812486
0.66602145054
0.665864922951
0.665760581445
0.665604084516
0.665499763451
0.665473684462
0.665447605984
0.665238996556
0.665186849309
0.665160776452
0.665134704106
0.665030419832
0.664952211993
0.664743680237
0.66466548926
0.664535181186
0.664457002473
0.664326714839
0.664274603362
0.664196439979
0.664144333613
0.663988026777
0.663831738336
0.663753601015
0.663649425074
0.663623382366
0.663545257308
0.663493176492
0.663362983393
0.663258838111
0.663180734516
0.663076603543
0.662972480746
0.662894394013
0.66276425968
0.662686185211
0.662608115342
0.662504029337
0.662373933328
0.662321898502
0.662243850095
0.662191820378
0.662113779636
0.66206175503
0.662035743493
0.661853677044
0.661723644911
0.661619628402
0.661593625553
0.661489619264
0.661463618969
0.661437619186
0.661411619913
0.661359622901
0.661281631215
0.661229639312
0.66112566164
0.66107367587
0.660943720387
0.66070983271
0.660631879349
0.660605895918
0.660372068028
0.660294134597
0.660242181531
0.66013828153
0.660034389706
0.659930506058
0.659852598687
0.659826630586
0.659774695916
0.659748729347
0.659696797743
0.659670832708
0.659644868183
0.659515053226
0.65946313082
0.659307376377
0.659229505798
0.659177594634
0.659047825667
0.658995921657
0.658840221891
0.658762379418
0.65871048665
0.658528881125
0.658451056537
0.658373236548
0.65832135911
0.658139804174
0.658113869799
0.658113841693
0.658087907829
0.658036041633
0.657932315374
0.657906385086
0.657776741314
0.657698961183
0.657569337852
0.657543414718
0.657517492096
0.657491569985
0.657310129513
0.65728421149
0.657258293978
0.657180544507
0.657128714081
0.656973235068
0.656921412818
0.656869592613
0.65668823799
0.656662332231
0.656558714303
0.656455104552
0.656403302743
0.656325603861
0.656196115945
0.65609253481
0.656040747308
0.655963069889
0.655885397068
0.65585950715
0.655755952587
0.655704178372
0.655626520881
0.655600636073
0.655574751776
0.655548867989
0.655471219697
0.655419456723
0.655341816096
0.655290058233
0.65521242527
0.655083047219
0.654953681944
0.654927810421
0.654798460476
0.654694989717
0.654669123305
0.654565662767
0.654436348591
0.654332906449
0.654307047191
0.654255330207
0.654229472482
0.654126046692
0.654048482715
0.653996775952
0.653970923336
0.653841667926
0.653815818377
0.653712425291
0.653583195431
0.653402295089
0.653324774035
0.653221419785
0.653014735813
0.65296306993
0.652833914676
0.652782255948
0.652575641472
0.6523690597
0.652291599967
0.652239962701
0.652085063164
0.652007620294
0.65182693815
0.65174951061
0.651620474931
0.651543059655
0.651388242901
0.651310841422
0.651285041951
0.651259242992
0.651233444543
0.651181849178
0.651130255857
0.651027075348
0.650923903015
0.650898111209
0.650872319914
0.65084652913
0.650614435071
0.650537079583
0.650433946085
0.650305040711
0.650227703619
0.650176148113
0.650098818685
0.650047268289
0.649995719936
0.64991840124
0.649789546966
0.649763777645
0.649686472745
0.6495834067
0.649506112532
0.649454585642
0.649377299139
0.649274257622
0.64922273993
0.649171224281
0.649145467223
0.649068199116
0.649042444103
0.648887924752
0.648759172678
0.648707675426
0.648656180218
0.64852745114
0.648475963085
0.648347252403
0.648321511698
0.648115604449
0.647986929026
0.647961195474
0.647883997885
0.647806804895
0.647729616505
0.647703888063
0.647626705804
0.64757525352
0.647549528145
0.647498078927
0.647369464824
0.647240863496
0.647215144764
0.647137991632
0.647060843099
0.646932272432
0.646880847742
0.646855136163
0.646778005005
0.646623755463
0.64654663759
0.646495228231
0.646366713773
0.646341012415
0.646315311567
0.646238212091
0.646186814995
0.646084027446
0.646006941767
0.645904168015
0.645852784205
0.645801402439
0.645724333623
0.645647269406
0.645595895816
0.64554452427
0.645518839264
0.645416104348
0.645364739956
0.645313377609
0.64523633792
0.64505659653
0.645030921233
0.644953898407
0.644902552411
0.644799866551
0.644774196364
0.644722857522
0.644697188868
0.644594519361
0.644568853261
0.64444053043
0.644363542863
0.644286559895
0.644235240471
0.644132607756
0.644029983217
0.643876061738
0.643747807892
0.643645214013
0.643491338525
0.643414407679
0.643286199823
0.643183642736
0.643158004742
0.643004187507
0.642876020532
0.642850388669
0.642824757318
0.642773496149
0.642696608227
0.642619724905
0.642568471911
0.642491596254
0.642414725195
0.642389102531
0.642286616985
0.642056057464
0.642030441954
0.642004826955
0.641902372069
0.641825536269
0.641723095691
0.641646270623
0.641595056466
0.641518239062
0.641364618053
0.64133901634
0.641313415138
0.641262214267
0.641236614598
0.641211015439
0.641159818656
0.641083027314
0.641031835641
0.640929458427
0.640827089389
0.640699139589
0.640622375841
0.640494446481
0.640417694997
0.640264205826
0.640161889932
0.640110735051
0.640059582214
0.639931709064
0.639829419742
0.63967600109
0.639522600833
0.639343657118
0.639190296719
0.639139180675
0.63906251044
0.639036954717
0.638934736935
0.638755875491
0.638653680705
0.638525948592
0.638474859119
0.638449315149
0.638372686306
0.63834714438
0.638219442416
0.638193903556
0.638142827369
0.638117290042
0.638066216922
0.637989611073
0.637887477096
0.637785351295
0.637759821122
0.637657705541
0.637606650817
0.637555598136
0.637530072562
0.637479022948
0.637453498907
0.637376929851
0.637172768185
0.637045183751
0.636943125402
0.636866587006
0.6366880153
0.636534973767
0.636509468633
0.636432956298
0.636356448562
0.63630544596
0.636075959544
0.63599947327
0.635897498726
0.635821023183
0.635770042042
0.635719062946
0.635693574165
0.635668085894
0.635642598134
0.635566137922
0.635413231293
0.635336784877
0.635209384404
0.635031045204
0.634903675391
0.634852731043
0.634750848479
0.634598039963
0.634496177839
0.634445249843
0.634394323891
0.634267017953
0.634190640523
0.634088811103
0.634063355025
0.634012444403
0.633986989859
0.633910629291
0.633681585914
0.633528906171
0.633427129895
0.633299921048
0.633147287294
0.633096413464
0.632994671937
0.632918371157
0.632816643937
0.632714924893
0.632587787587
0.632511511334
0.632486086939
0.632384394468
0.63230813048
0.632104782329
0.632053950401
0.631977706342
0.631850643131
0.631799821423
0.631723592694
0.631621961543
0.631571149033
0.631545743545
0.631469530146
0.631418723769
0.631367919435
0.631342518035
0.631291716767
0.631190120364
0.631113928428
0.631063136358
0.630910772414
0.630885380211
0.630783816512
0.630733037729
0.63068226099
0.630631486294
0.630529943035
0.630504558498
0.630479174472
0.630403025459
0.630301500597
0.630098475399
0.630022349382
0.629920855179
0.629768629205
0.629717891302
0.629667155443
0.629616421627
0.629489596032
0.629362783211
0.62933742218
0.629235983166
0.629185266724
0.629134552327
0.629033129665
0.629007775277
0.628906362834
0.628830308868
0.628754259501
0.628703562478
0.628551483673
0.628399423263
0.62837408165
0.628298059877
0.628171367142
0.628095357633
0.628019352723
0.627943352412
0.627918019997
0.627892688093
0.627816695447
0.6277407074
0.627690051257
0.627614070875
0.627538095092
0.627487447126
0.627462123909
0.627310195338
0.627234237951
0.627208919844
0.627107652526
0.627031707404
0.62695576688
0.626905142419
0.626753281301
0.626652050775
0.626550828425
0.626525524116
0.626449614252
0.626424311986
0.626348408254
0.626297808322
0.626221912255
0.626196614588
0.626044839318
0.625968958582
0.62586779142
0.625842500908
0.625791921415
0.625741343966
0.625690768562
0.625614909287
0.625513770742
0.625437922199
0.625412640373
0.625336797961
0.625260960149
0.625185126936
0.625109298321
0.625058748467
0.624982927518
0.62495765489
0.624881840073
0.624730224235
0.624704956717
0.624578626794
0.624553362342
0.624452309645
0.624376525488
0.624326005272
0.624250228779
0.624224970971
0.624123944846
0.624098689592
0.624022926897
0.623972420989
0.623947168801
0.623745169696
0.623568447306
0.623391749956
0.623265552893
0.623215077645
0.62311413328
0.623013197092
0.622962732064
0.622836578436
0.622710437583
0.622659984819
0.622609534098
0.622559085422
0.622432972674
0.622256436801
0.622206002433
0.622155570109
0.622105139828
0.621979073582
0.621979055186
0.621903421263
0.621802583187
0.62167654709
0.621626136228
0.621600931563
0.62157572741
0.62142451322
0.621348913024
0.62132371398
0.621222922916
0.621197726428
0.621096945584
0.621021365317
0.620794652109
0.620643532965
0.620492432218
0.620467250549
0.620316171263
0.620290993171
0.620165110374
0.620139935348
0.620114760832
0.620014067881
0.61998889592
0.61998889592
0.619913383105
0.619812706506
0.619686872254
0.619636542131
0.619586214051
0.619384922684
0.619334604824
0.619284289008
0.619259131867
0.61910819975
0.619083046186
0.619007588559
0.618831538648
0.618680659165
0.618580082722
0.618378954875
0.618228130069
0.618152724564
0.618127590418
0.618052191045
0.617951665702
0.617800893018
0.617750639545
0.617700388116
0.617574768485
0.617449161629
0.617298450776
0.617273334004
0.617248217743
0.617122644102
0.617022194388
0.616971972597
0.616946862468
0.616871535146
0.616645580776
0.616469867616
0.616269082651
0.616143608656
0.616093422635
0.615967966525
0.615867610835
0.615767263321
0.615666923983
0.61561675738
0.615591674845
0.615491349815
0.615441190366
0.615365955025
0.6153408776
0.615290724283
0.615190423781
0.615165349933
0.61511520377
0.615039988358
0.614939708296
0.614889571332
0.614789303534
0.614714108051
0.614588792466
0.61453866981
0.614463489657
0.61441337211
0.614363256607
0.614313143148
0.614162815036
0.613987455489
0.613962406169
0.613912309062
0.613887261276
0.613762030006
0.613636811512
0.613561686548
0.613411450416
0.61318613071
0.613086001905
0.613010910667
0.61291079617
0.612885768823
0.612860741987
0.612785664546
0.612685568445
0.612610501734
0.61258548052
0.612510419941
0.612460382111
0.612385329198
0.612285265801
0.61218521058
0.612135186035
0.611960116226
0.611885093973
0.611835081693
0.611810076319
0.611685057116
0.611660054808
0.611535050935
0.611485052962
0.61138506315
0.611310076156
0.611210100651
0.611185108053
0.611085143279
0.610960198171
0.610835265838
0.610785296482
0.610735329169
0.610685363901
0.610610419831
0.610535480361
0.610360639481
0.610235768468
0.610210795798
0.610160851992
0.610060970512
0.609986064767
0.609911163622
0.609836267075
0.609736412167
0.609686487779
0.609611605029
0.609536726879
0.609486810667
0.609386984375
0.609212308038
0.608962813848
0.60886303048
0.608813141862
0.608738312768
0.608713370758
0.608538791
0.608414106503
0.608364236281
0.608289434781
0.608164775834
0.608139845578
0.608114915832
0.608089986598
0.608065057875
0.607940421923
0.607840722359
0.607815798746
0.607765953052
0.607741030972
0.607691188344
0.607591509221
0.607566590717
0.607392175502
0.607367261087
0.607267608535
0.60716796416
0.607143054344
0.607068327961
0.607043420189
0.606943794209
0.606918888992
0.606844176406
0.606769468419
0.60671966565
0.606620066243
0.606520475012
0.606395997471
0.606395997471
0.606346210031
0.606296424636
0.606196859977
0.606147080713
0.606097303494
0.60607241565
0.606047528318
0.605972869388
0.605923099322
0.605848448057
0.605674279655
0.60559964372
0.605574766096
0.605525012383
0.605450385646
0.605375763507
0.60532601797
0.605301145968
0.605251403496
0.605226533027
0.605052454562
0.604878400625
0.604729231465
0.604704371727
0.604654653784
0.604455802451
0.604406094728
0.604281834363
0.604232133794
0.604132738787
0.60408304435
0.604008506527
0.603933973303
0.603909129917
0.603760080332
0.603660724162
0.603611049143
0.603462036349
0.603337873074
0.603313041952
0.603263381241
0.603164065951
0.60308958485
0.603015108347
0.602890991062
0.602692429978
0.602617978003
0.602568345908
0.602419461888
0.602369837969
0.602270596263
0.60219617035
0.602146555629
0.602047332319
0.601948117186
0.60192331468
0.601873711201
0.601824109766
0.601774510376
0.601724913029
0.601650520841
0.601625724467
0.601600928605
0.601576133253
0.601501750263
0.601452164158
0.601377788834
0.601303418108
0.601229051982
0.601179477119
0.601005981197
0.600981198109
0.600906851911
0.600782951802
0.600758173314
0.600659064469
0.6005847382
0.600386557302
0.600287479117
0.60013887717
0.599916008741
0.599841728463
0.599742695246
0.599668425699
0.599594160751
0.59956940679
0.599495147974
0.599470396058
0.599371393501
0.599297146949
0.599099178628
0.599024948939
0.598975465034
0.598950723849
0.598827025586
0.598728076173
0.598653869479
0.598629134937
0.598579667384
0.598480738412
0.598456007446
0.598332360795
0.598208726407
0.598060382004
0.597986216702
0.597837899893
0.597763748388
0.597739032241
0.597664886867
0.597590746093
0.597442478341
0.597294228985
0.597244816621
0.597220111205
0.597170701907
0.597071889443
0.596997785461
0.596898987305
0.596874289043
0.596775501108
0.596726110206
0.596577949764
0.596479186356
0.596380431125
0.596331056575
0.596306370066
0.596207629143
0.596182945189
0.596108896395
0.596084214486
0.595886777607
0.595862100296
0.595763396165
0.595640027498
0.595590683608
0.59556601243
0.595541341762
0.595492001961
0.595319328751
0.595269998148
0.595171343072
0.595048035726
0.594998716364
0.594850770543
0.594727496412
0.594702843118
0.594653538065
0.594604235055
0.59455493409
0.594456338291
0.594333105039
0.594185242001
0.59416059995
0.594135958409
0.594086676862
0.594012758373
0.593963481936
0.593889571112
0.593815664887
0.593741763262
0.593618604106
0.59356934402
0.593520085979
0.593446202749
0.593273826432
0.593076855587
0.593052236531
0.593002999951
0.592929148915
0.592855302478
0.592732235302
0.592584573087
0.592559964251
0.592486140809
0.592436927736
0.592264698076
0.592117092583
0.59201869914
0.591994102057
0.591895718835
0.591649797061
0.591403925875
0.59135475777
0.59115810579
0.591059792064
0.591010638267
0.590912336805
0.590764899943
0.59069118841
0.590666618921
0.59059291352
0.590519212718
0.590470081405
0.590396388268
0.590347262066
0.590224455501
0.590175336452
0.590150777694
0.590077104487
0.59002799157
0.589929771868
0.589880665083
0.589856112458
0.589807008739
0.589684258384
0.589659709847
0.589586067299
0.589536974822
0.58951242935
0.589414252573
0.58936516725
0.589316083972
0.5891688464
0.589070698238
0.588923491326
0.588800832952
0.588776302811
0.588678187353
0.588629132691
0.588506504977
0.588383890038
0.588359368583
0.588285807285
0.588212250586
0.588163215341
0.587967094803
0.587820030972
0.58779552127
0.587672980427
0.587623967666
0.587501444708
0.587354434021
0.587231939168
0.587060467835
0.586938003642
0.586815552223
0.586791063473
0.5866441417
0.586546204072
0.586521720942
0.586350353343
0.586276917751
0.586179010783
0.586154535318
0.586130060365
0.586105585922
0.586007693262
0.585885338934
0.58578746467
0.585762997381
0.585738530604
0.585714064337
0.585665133337
0.585591740669
0.585567277469
0.585469429777
0.585347131659
0.585273758921
0.585053668299
0.585029216341
0.584955863531
0.584858066939
0.584833619069
0.584760278524
0.58461361123
0.584540284481
0.584442522638
0.584222588383
0.584124853622
0.584100421082
0.584051557534
0.583978266045
0.583880551213
0.583856123783
0.583758419171
0.583709569932
0.583563034476
0.583440936161
0.583147979204
0.583123567103
0.582879474205
0.582830661758
0.5828062563
0.582757446919
0.582733042994
0.582635432407
0.582537829996
0.582489031857
0.582440235761
0.582391441709
0.582220678626
0.582196285943
0.582098720324
0.582025551476
0.581976774798
0.581879228086
0.581806073035
0.581635395799
0.581611015381
0.581562256078
0.581440366762
0.581391614612
0.581367239304
0.581342864507
0.581245370428
0.581123514328
0.581026038645
0.58097730387
0.580855475874
0.580758022675
0.580636217675
0.580587499252
0.580538782872
0.580490068537
0.580465712136
0.580441356246
0.580246527521
0.58019782545
0.580149125423
0.580051731501
0.579905655947
0.579856968184
0.579710917159
0.579662237572
0.579589222024
0.57956488453
0.579418875407
0.579345875188
0.579321542804
0.579224218378
0.579175559231
0.579126902128
0.57907824707
0.579029594055
0.578883647274
0.578762039009
0.578616125954
0.578445917308
0.578227114411
0.578202805533
0.57815418931
0.578129881966
0.578008352906
0.577911138856
0.577813932983
0.577716735285
0.577668139503
0.577570954069
0.577546658988
0.577522364419
0.57749807036
0.577449483775
0.577425191249
0.577303736285
0.577279446825
0.577230869438
0.577133721308
0.577012297004
0.576988013676
0.576963730859
0.576866604702
0.576769486721
0.576745208503
0.576672376916
0.576599549927
0.576526727538
0.576429638173
0.576356826515
0.576259751458
0.576065625872
0.575944313988
0.575798756591
0.57565321759
0.575507696984
0.575459194204
0.575410693468
0.575313698127
0.575289450569
0.575216710962
0.575047003098
0.574950038417
0.574853081913
0.574804606726
0.574634959671
0.574513798533
0.574416878821
0.574344194402
0.574247288998
0.57412616874
0.573956621841
0.573908184469
0.573835532243
0.573811315856
0.573787099981
0.573690243122
0.573593392906
0.573399717001
0.573351303135
0.573230277413
0.573109264465
0.573060862863
0.572964065792
0.572818885514
0.572697916001
0.57260114959
0.572456015302
0.572310899411
0.572189983553
0.572165801915
0.571996544754
0.571899837619
0.571875662112
0.571803138659
0.571682276457
0.571561427031
0.571488923507
0.571392259295
0.571319766502
0.57122311711
0.571126475382
0.570957372033
0.57090906139
0.57086075279
0.570739990234
0.570691688788
0.570643389387
0.570522649825
0.570498503446
0.570353635901
0.570305350808
0.570160507791
0.570088093182
0.570015683171
0.569967412386
0.569798480733
0.569750219146
0.569653702103
0.56962957412
0.56950894238
0.569436569161
0.569364200542
0.569340078691
0.5692194771
0.569147122277
0.569123005025
0.569074772054
0.569002426429
0.568905972751
0.568761307563
0.568592554761
0.568544344274
0.568472032376
0.568375623665
0.568206928096
0.568182830773
0.56811054187
0.568014163819
0.567990070584
0.567869612074
0.567821432247
0.567773254464
0.56767690503
0.567556479735
0.567508313194
0.567363825835
0.56731566747
0.567243433755
0.56712305445
0.56700268792
0.566978616147
0.566954544885
0.566810128044
0.566737926522
0.566689794729
0.566641664981
0.566593537276
0.56656947419
0.566473226956
0.566376988409
0.566328871946
0.566280757528
0.566232645153
0.566160480423
0.566136426535
0.566064267938
0.565968063628
0.565919964539
0.565847819739
0.565727588624
0.565655456088
0.565439086583
0.565318898904
0.565222757959
0.565150657615
0.565006470725
0.564886329036
0.564838275938
0.564766200122
0.564694128906
0.564622062289
0.564550000271
0.564405890031
0.56433384181
0.564309826758
0.564213771661
0.564141735704
0.56411772474
0.563973669689
0.563853637865
0.563781624903
0.563733618817
0.563685614774
0.563589612822
0.563541614911
0.563469621878
0.563421629078
0.563397633444
0.563373638322
0.563277662941
0.563109725698
0.563061748228
0.56296579942
0.562917828081
0.562869858787
0.562845874907
0.562749944494
0.562701982354
0.56267800205
0.562654022258
0.562606064205
0.562486178017
0.562462202313
0.562390278265
0.562342331455
0.562318358816
0.562246443967
0.562174533716
0.562006761016
0.561934866096
0.561886938703
0.561791090051
0.561719208928
0.561599417275
0.561455684155
0.561359872295
0.561288018766
0.561264068611
0.561168273103
0.561144325504
0.561072485771
0.561048540216
0.560904877614
0.560809112766
0.560617607599
0.560593671752
0.560569736417
0.560474000185
0.560354341393
0.560258623558
0.560210767706
0.560186840547
0.560091137019
0.560019364739
0.559923675519
0.55985191397
0.559732321608
0.559660572323
0.559636656917
0.559541000402
0.55951708755
0.559469263381
0.559421441255
0.559349711899
0.559301894883
0.559206266984
0.559086744119
0.559062840976
0.558967233517
0.55894333293
0.558919432854
0.558871634234
0.558752146628
0.558728250639
0.558704355162
0.558608778363
0.558537101129
0.558417649293
0.558369872136
0.558298210232
0.558202668181
0.558083252115
0.55798772846
0.557963848824
0.557916091085
0.557820581738
0.55777283013
0.557748955093
0.557725080567
0.557629587572
0.557390891367
0.557367024506
0.55722383407
0.557009082908
0.556985224223
0.556865938463
0.556842082844
0.556675107818
0.556532006296
0.556412769081
0.556341232884
0.556222016109
0.556198174287
0.556102812108
0.55603129584
0.555888277101
0.555864442433
0.555721445156
0.555626123858
0.55555463825
0.55545933126
0.555411680831
0.555244920426
0.555173459346
0.555054367766
0.554959103701
0.554911474734
0.554768600608
0.554697170188
0.554625744368
0.554554323146
0.554530517094
0.554459102004
0.554387692025
0.554316286133
0.554173488147
0.554030708556
0.554006913746
0.553983119448
0.55395932566
0.553864155618
0.553697627719
0.553673840064
0.553483557213
0.55343599161
0.553364647039
0.553269528098
0.553174417333
0.553031766515
0.55298422033
0.552912904886
0.552817824781
0.552794056032
0.552651454271
0.552508870905
0.552413825548
0.552390065486
0.552271272843
0.552200003389
0.552057478278
0.55198622262
0.551891222232
0.551748736979
0.551558785257
0.551440083572
0.551416344461
0.551368867773
0.551250184995
0.551155247971
0.55096539845
0.550846759107
0.550823032771
0.55075185683
0.550704408758
0.550633240482
0.55058579752
0.550538356602
0.550490917728
0.550443480898
0.550419763249
0.550324897765
0.550253754017
0.550135191325
0.550016641407
0.549945517589
0.549898104265
0.549803283749
0.549779579897
0.549708471409
0.549566268229
0.549495173537
0.549329303809
0.549234532349
0.549187149685
0.549139769065
0.549045013957
0.548831844859
0.548737116323
0.548666075287
0.548500330754
0.548452979772
0.548405630834
0.548287267432
0.548145248213
0.548074245502
0.54795591787
0.547908590395
0.547766620232
0.547742960326
0.547648325815
0.547624668465
0.547577355297
0.547482735094
0.547459081321
0.547388123067
0.547317169412
0.54726986953
0.547222571693
0.547175275899
0.547104336041
0.546962470123
0.546844262577
0.546773344181
0.546726067805
0.546631521186
0.546513349921
0.54634793243
0.546324303185
0.546182538444
0.546088038838
0.5460407921
0.545875444616
0.545828207077
0.54573373813
0.545686506723
0.545615663444
0.54559205004
0.545521212894
0.545473990685
0.545379552398
0.545332336321
0.545261516037
0.545167096147
0.545072684433
0.544954681287
0.544813094376
0.544647932896
0.544624340443
0.54457715707
0.54445920758
0.544341270865
0.544317685055
0.544223346925
0.544105435759
0.54405827487
0.54394038159
0.543893227855
0.543846076164
0.543822501085
0.543728205879
0.543704633356
0.543586778401
0.54351607156
0.543468936221
0.543374671675
0.543233290186
0.543186167111
0.543162606341
0.542974138569
0.542950582397
0.542950581886
0.542832808692
0.542738599334
0.542691497721
0.542667947681
0.542597300628
0.542573752632
0.54250311171
0.542432475388
0.542408930969
0.542314758403
0.542197054194
0.542102900025
0.541985218811
0.541867550371
0.541844018217
0.54179695544
0.541749894707
0.541655779374
0.54158519824
0.541538146705
0.541373482431
0.541302919692
0.541279399802
0.541208843195
0.541185325349
0.541138291188
0.540973687723
0.54092666276
0.540879639842
0.540879638309
0.540785598604
0.540691567586
0.540597544233
0.540550535623
0.540433023039
0.540386021583
0.540268526884
0.540198036197
0.540174540324
0.540151044961
0.540080561939
0.53998659173
0.53991611944
0.539775188655
0.539610792656
0.539587309558
0.539516863328
0.539493382273
0.53946990173
0.539422942175
0.539375984665
0.539329029199
0.539258599832
0.539211649476
0.539164701164
0.538953459054
0.538789188251
0.538648404634
0.538578019725
0.538507639414
0.53831998107
0.538202711213
0.538062004247
0.538015106013
0.537991657662
0.537874423575
0.537710317825
0.537569675246
0.537499360854
0.537452487149
0.537429051062
0.537265012765
0.537241580767
0.537147857883
0.537100999507
0.537077571086
0.53698386251
0.536913586444
0.536890162111
0.536796469887
0.536655946882
0.536585692278
0.536562275098
0.536492026626
0.53632813141
0.53600043909
0.535953630792
0.53583661899
0.535789817847
0.535766418042
0.535579237995
0.535555842789
0.535392090653
0.535275140172
0.535158202466
0.535041277535
0.534947746788
0.534760711355
0.534713957224
0.534690580924
0.53455033386
0.534433475359
0.534339997757
0.534223162251
0.534176431626
0.534129703044
0.53410633952
0.534012890534
0.533942809159
0.533779303837
0.533685883467
0.533662529652
0.533545768241
0.533499067254
0.533242262669
0.533148889311
0.533125547249
0.533078864658
0.532962167123
0.532892154733
0.532775477638
0.532705477513
0.532588820858
0.532518832997
0.532402196782
0.532355545873
0.532332221185
0.532262250187
0.532238927543
0.532168962677
0.532145642077
0.532052364787
0.531959095674
0.531912464183
0.531749270061
0.531679337388
0.531516179037
0.531422956935
0.53137634895
0.531329743009
0.531259837931
0.531073446872
0.530956969578
0.530817213587
0.530724052806
0.5306309002
0.530537755771
0.530444619518
0.530374772693
0.53035149144
0.530304930468
0.530165259814
0.530095431386
0.530025607556
0.529979060892
0.529885973694
0.529816163662
0.529769626196
0.529723090773
0.529560232891
0.529490444321
0.529397400048
0.529350880977
0.529281106204
0.52921133603
0.529141570455
0.529071809479
0.529002053101
0.528909051753
0.52881605858
0.52876956506
0.528653340201
0.528513887234
0.528327978561
0.528281506503
0.52809563871
0.528002717077
0.527979487947
0.527816898341
0.527770448766
0.527700778238
0.52758467091
0.527561450977
0.527515012645
0.527468576357
0.527375709913
0.527329279756
0.527282851644
0.527190001552
0.527050741744
0.526888295218
0.526865090616
0.526818682944
0.526749075268
0.526702672706
0.526679472192
0.526633072696
0.526540279836
0.526493886472
0.526447495152
0.526377912005
0.526354718644
0.526308333456
0.526238759507
0.526169190156
0.526099625405
0.526053251459
0.525914141886
0.52582141239
0.525705512018
0.525682333476
0.525566448434
0.525357887552
0.525265207112
0.525195702148
0.52498721485
0.52496405215
0.524871406458
0.524662983547
0.524616672965
0.524500905453
0.524454602026
0.524385150717
0.524292556126
0.524084248189
0.523968539443
0.523875981644
0.52382970581
0.523690890574
0.523621489854
0.523552093734
0.523413315289
0.523205182116
0.523112691769
0.523020209598
0.522973971579
0.522904618382
0.522835269785
0.522742812142
0.522673474276
0.522396176465
0.522280654235
0.52223444892
0.522211347028
0.522118944574
0.522095845238
0.522026550296
0.521726339665
0.521657069251
0.521633980135
0.52154162878
0.521449285602
0.521333868127
0.52119538402
0.52101076716
0.520941544269
0.52089539823
0.520849254235
0.520826183004
0.520780042075
0.520710834514
0.520664698695
0.520572433189
0.52054936809
0.520503239426
0.52048017586
0.520457112805
0.520364865695
0.520318745206
0.520203452926
0.520180396003
0.520019011851
0.519995959016
0.519926803577
0.519788506497
0.519673272983
0.519627183154
0.519581095369
0.519511967525
0.519488925932
0.51939676467
0.519235502136
0.519051232758
0.518982140172
0.518890023879
0.518751864769
0.518659768916
0.518475601738
0.518383530413
0.518314482284
0.51815338787
0.518107365494
0.518084355072
0.517969310628
0.517877284271
0.517808269869
0.517762262823
0.517739260066
0.51771625782
0.517670254862
0.517624253948
0.517532258251
0.517532258251
0.517509260604
0.51744027073
0.517371285455
0.517348291385
0.517325297827
0.517210337698
0.517003441661
0.516865534475
0.516842551647
0.51677360623
0.516681686162
0.516566797574
0.516520845716
0.516360030308
0.51622220846
0.516107370972
0.516061439554
0.51596958285
0.515900695687
0.515854773467
0.515739976859
0.515717019071
0.515671105027
0.515625193027
0.515510421969
0.515464517123
0.515464517123
0.515372713563
0.515326814849
0.515257970611
0.515143240433
0.514982639647
0.514936758307
0.514890879011
0.514776189714
0.514661513192
0.51463857942
0.51461564616
0.514592713411
0.514500987523
0.514478057328
0.514386341661
0.514317560276
0.514294634169
0.514271708574
0.514157088262
0.514134165732
0.514042480725
0.513973722335
0.513882051635
0.513859135238
0.513767474758
0.513698734764
0.513469634666
0.513378008935
0.513309295002
0.513126080331
0.51303448526
0.512874213559
0.512736857745
0.512668186736
0.512576632545
0.512507972267
0.512462201304
0.512416432384
0.512279138401
0.512187618958
0.512141862303
0.512027479607
0.511935982648
0.511867365294
0.511730144384
0.511638673997
0.511547211787
0.511501483747
0.511387172592
0.511341451706
0.511204301315
0.511044315775
0.510907205241
0.510861505818
0.510770113104
0.510701573933
0.510633039362
0.51056450939
0.510495984017
0.510427463243
0.510336109364
0.510199093877
0.510062096786
0.509879462614
0.509788157792
0.509696861146
0.509674038262
0.509605572676
0.509514292382
0.509263313731
0.50919487574
0.509126442858
0.509103632749
0.509080823151
0.509058014064
0.508989589869
0.508921170273
0.508761542946
0.508556343946
0.508442362386
0.508419567608
0.508351186337
0.508328393602
0.508214437593
0.508146070119
0.508077707245
0.50803213455
0.507940995293
0.507849864211
0.507735961857
0.507713182919
0.507690404493
0.507667626577
0.507599295895
0.507530969813
0.507439875524
0.507348789411
0.507257711473
0.506939004613
0.506870722988
0.506847963468
0.506688661138
0.506643150785
0.506574889089
0.506552136212
0.506506631992
0.506438379494
0.506392880384
0.506347383317
0.50627914155
0.506256395316
0.506142671813
0.506097185989
0.506006220472
0.50596074078
0.505915263131
0.505892525074
0.505733372978
0.505596976825
0.505551515529
0.505392417089
0.505324239708
0.505301514937
0.505165177038
0.504983421789
0.504756273719
0.504551884146
0.504483763486
0.504370239274
0.50412054937
0.504052457838
0.504052429733
0.503893567886
0.503870875308
0.50384818324
0.503780110104
0.503712041567
0.503530547951
0.503485179657
0.503394449201
0.50334908704
0.503258368848
0.503235690578
0.50319033557
0.50305428281
0.502872912857
0.50280490564
0.50275957005
0.502668905003
0.502600911583
0.502555585191
0.502487599436
0.50241961828
0.502283669765
0.502238357681
0.502125086415
0.502102433694
0.502011827923
0.501966528104
0.501898582207
0.501807994832
0.501740059666
0.501604203131
0.501491003405
0.501423089701
0.501355180596
0.501151480876
0.501151458392
0.501128827645
0.501106197409
0.501038309766
0.500993053893
0.500902548278
0.500879923152
0.500857298536
0.500766805186
0.500698940538
0.50063108049
0.500495374189
0.500291849232
0.500156188922
0.500043152717
0.49995273295
0.499884923491
0.49983971974
0.499726719304
0.499545945179
0.499432977959
0.499365203759
0.499320023514
0.499297434158
0.499229669155
0.499184495042
0.499161908752
0.499071568702
0.498913493288
0.49889091313
0.498823175722
0.498800597608
0.498619991092
0.498597417577
0.49855227208
0.498371710532
0.498304008383
0.498258876172
0.498213746005
0.498123491803
0.498010685549
0.497965566624
0.497920449743
0.497897892069
0.497875334906
0.497852778254
0.497830222113
0.497785111364
0.497627240351
0.497559588791
0.497514490306
0.49749194183
0.497379207116
0.497356661706
0.497334116807
0.497266485177
0.497221399978
0.497176316823
0.496996004644
0.49695093171
0.496883326651
0.496838258826
0.496748129309
0.496725598207
0.496680537537
0.496612950363
0.496500315294
0.496432740385
0.496342647659
0.49625256311
0.496027387508
0.496004872758
0.495937331575
0.495914818869
0.495892306674
0.49586979499
0.495847283818
0.495734735619
0.495667212832
0.495577189603
0.495532181054
0.495509677547
0.49548717455
0.495397167673
0.495352167301
0.495262172688
0.495217178447
0.495172186251
0.495037222437
0.494924766219
0.49478983562
0.494609956771
0.494452592671
0.494250300251
0.494115461632
0.494048049221
0.494003110169
0.493890771481
0.493755981919
0.493688594036
0.493643671336
0.493553832068
0.493531373529
0.493486457982
0.493239459527
0.493149657051
0.492992522391
0.492835412771
0.492790528907
0.492723206944
0.49263345148
0.492543704192
0.492521268647
0.49240909859
0.492364234144
0.492319371743
0.492274511385
0.492229653071
0.492117516229
0.492072665069
0.491982968881
0.491960546112
0.491803601034
0.491736346523
0.491713929375
0.491646680996
0.491579437216
0.49146737498
0.491400143464
0.491355325008
0.491332916547
0.49119847651
0.491108860038
0.490996850947
0.4908624569
0.490728081249
0.490660900323
0.490638507702
0.490571332907
0.490548942331
0.490392223116
0.490369836628
0.49023552843
0.490123619495
0.489989345022
0.489944590953
0.489922214685
0.489877463681
0.489765595115
0.489631369699
0.489609000585
0.48956426389
0.489519529238
0.489452431094
0.489251164254
0.489206443911
0.489139367229
0.489049938806
0.488871107
0.488692307387
0.488625265964
0.488602919845
0.48855822914
0.488491196914
0.488446511319
0.488312466798
0.488245451436
0.488178440673
0.488111434508
0.488089100142
0.48791044361
0.487888113843
0.487821127608
0.487776472673
0.487754145972
0.487664844278
0.48757555076
0.487553228658
0.487530907067
0.487441625813
0.487330035743
0.487151518203
0.48712920581
0.487039961349
0.486995342184
0.486928417269
0.486906109986
0.486816885964
0.486749973314
0.486705367435
0.486638462449
0.486482369212
0.486460072149
0.486326300502
0.486259421578
0.486214838183
0.486103388639
0.486081100263
0.485947382783
0.485791399922
0.485746837989
0.485679998923
0.485590887322
0.485546334587
0.485501783896
0.485479509317
0.48545723525
0.485390416112
0.485323601574
0.485256791635
0.485189986294
0.485123185553
0.484989597867
0.484922810923
0.484856028578
0.484722477684
0.484700220991
0.484655709136
0.484611199326
0.484544438443
0.484522185837
0.484433180524
0.48432193538
0.484299687885
0.484255194426
0.484210703012
0.484143969723
0.484077241033
0.484054999158
0.4839882766
0.483921558641
0.483877082557
0.48378813652
0.483699199171
0.483654733306
0.483476890289
0.483454662212
0.483276855987
0.483232409541
0.483165743704
0.483121302368
0.482965773788
0.482943557463
0.482854697275
0.482810270247
0.482743633537
0.482654791745
0.482565958129
0.482454927606
0.482277305342
0.482232904886
0.482210705424
0.482055323502
0.481944351745
0.481922158926
0.481811202499
0.481744634774
0.481722446555
0.481633698787
0.481611513123
0.481544959195
0.481478409867
0.48136750454
0.481278789476
0.481256611988
0.481212258544
0.481167907144
0.481145732211
0.481079210476
0.48096835165
0.480857505089
0.480768837037
0.48065801347
0.480547202678
0.480480722335
0.480458563243
0.480414246591
0.480303463905
0.480237000425
0.480214846953
0.480104087262
0.480081936857
0.480015488707
0.479993340345
0.479860460909
0.479771885348
0.479661176757
0.479616896897
0.479594757734
0.47952834331
0.479506206191
0.479461933486
0.479417662824
0.479373394207
0.479262731606
0.479174210723
0.479041444728
0.478997193485
0.478930820452
0.478886574319
0.478798088184
0.478621140443
0.478466337996
0.478444225405
0.478377890698
0.478223127599
0.478134702784
0.478090493443
0.478068389539
0.477957877683
0.477935776845
0.477913676518
0.477803182548
0.477648512451
0.477604325594
0.477538049141
0.477471777286
0.477339247375
0.477250904321
0.477140487001
0.477008003079
0.476919690685
0.476853461755
0.476831386467
0.476721017692
0.476654802559
0.476588592025
0.476566522869
0.476478251355
0.476412053085
0.476301732856
0.476279670343
0.47623554685
0.476147305996
0.476081130721
0.476037016426
0.476014960045
0.475838527394
0.475772373581
0.47561803257
0.475551894087
0.475485760204
0.475353506233
0.475243308644
0.4751110884
0.47502295179
0.475000918916
0.474934823357
0.474868732398
0.474758591018
0.474648462414
0.474582391384
0.474538346585
0.474516324953
0.47445026312
0.474318153253
0.474252105217
0.474186061781
0.474164048324
0.474009968435
0.473987959066
0.473899926701
0.473745889736
0.473657879855
0.473613877981
0.473547879002
0.473503882237
0.47339389978
0.473305922603
0.473239945086
0.473217953602
0.47319596263
0.473108003849
0.473020053244
0.472822194277
0.472668332586
0.472492521313
0.472426600517
0.472338713277
0.472294772723
0.472162963324
0.472097065524
0.471987246076
0.471899399715
0.471789603263
0.471723731523
0.471679819585
0.471570048682
0.471504192273
0.471460290555
0.471350545202
0.471284704123
0.471153035761
0.471109150395
0.471065267073
0.470955567711
0.470867817419
0.470714274593
0.470692341874
0.47060461611
0.470516898523
0.470473042795
0.470429189111
0.470363412418
0.470144189989
0.470122270556
0.470078433225
0.47001268106
0.469859277226
0.469749718389
0.469727808155
0.469683989219
0.469640172327
0.469552544676
0.469486829303
0.46939921596
0.469267811275
0.469158321423
0.46911452906
0.468961271884
0.468873707597
0.468829928519
0.468654832649
0.468567296978
0.46850165059
0.468414129227
0.468260986516
0.468173488148
0.468107869865
0.468020385295
0.467998515429
0.4679329089
0.467845440681
0.467801709638
0.467779844883
0.467714253683
0.467604945237
0.467539366302
0.467473791966
0.467430078296
0.467408222228
0.467386366671
0.467298949552
0.467189690163
0.467124140355
0.466599961108
0.466490782967
0.466468948872
0.466381617602
0.466294294508
0.466250636027
0.466228807553
0.46620697959
0.46609784744
0.466032374282
0.465923262572
0.465726893687
0.465683261778
0.465617817747
0.465596004092
0.465508754582
0.465443322815
0.465421513249
0.465356087614
0.465312473079
0.465138035379
0.465116232966
0.465094431065
0.46498542922
0.464811052841
0.464767463856
0.464593128357
0.464549549592
0.464484185278
0.464331686429
0.464244555471
0.464200993059
0.464092095969
0.464026763848
0.463961436326
0.463874340116
0.463787252083
0.463721941424
0.463700172226
0.463634867699
0.463613100545
0.463438981711
0.463351934558
0.463286654558
0.46317786478
0.463069087776
0.462960323547
0.462895071142
0.462786327354
0.462721087213
0.46267759634
0.46265585167
0.462590620727
0.462503653291
0.462329742945
0.462286270469
0.462242800037
0.462112401004
0.462025478535
0.461960292049
0.461895110163
0.461808208134
0.461743036978
0.461634428605
0.461612708464
0.461569269713
0.461417250184
0.461373820632
0.461308680137
0.461200122864
0.461113286244
0.461026457799
0.460896230463
0.460722622631
0.460700923952
0.460614134344
0.460592438219
0.460462272203
0.460267057672
0.460245369723
0.460201995359
0.46015862304
0.460115252764
0.460071884532
0.460006836016
0.4599417921
0.459811718064
0.459790040847
0.459746687945
0.459703337087
0.459638314633
0.459551625182
0.459529954096
0.459486613458
0.459443274865
0.459313271347
0.459096639699
0.458988343037
0.458945027949
0.458901714906
0.45888005915
0.458858403906
0.458641879568
0.458598580832
0.458511989493
0.458447051354
0.458317188873
0.458252264531
0.458187344788
0.458100792285
0.457992613154
0.457949345079
0.457841183832
0.457797922911
0.457668152411
0.457538400306
0.457430287605
0.457387046102
0.457278951286
0.457235716937
0.457170869245
0.457106026152
0.456954743488
0.456911524469
0.456846699773
0.456760273998
0.456695460033
0.4566738564
0.456652253277
0.456565845899
0.456501045731
0.456436250161
0.45639305567
0.456371459191
0.456285078385
0.456241891047
0.456198705754
0.456047573325
0.455896465934
0.455788547414
0.455723802434
0.455615904354
0.455551171638
0.455443293998
0.455270716345
0.455227577043
0.455162871921
0.455119737728
0.455055040271
0.454925659154
0.454817855609
0.454710064839
0.454580732779
0.454559179224
0.454494521625
0.45434367178
0.454257483621
0.454149759281
0.45408513081
0.454063589008
0.454042047717
0.454020506937
0.453934348928
0.453848199094
0.453783592085
0.453762057437
0.45361132921
0.45358979865
0.453503681521
0.453460626022
0.45333147179
0.453288424468
0.453245379189
0.453180815104
0.453137774935
0.453073218515
0.453008666693
0.452987150441
0.452922604752
0.452858063662
0.452772016029
0.452685976572
0.452621452344
0.452578438748
0.452492417687
0.452470913699
0.452341900504
0.452255901927
0.452169911526
0.452083929301
0.451954971294
0.451890499189
0.451804543537
0.451740082163
0.451675625388
0.451611173212
0.451546725635
0.451460802686
0.451417844278
0.45139636584
0.451331933593
0.451267505946
0.451138664447
0.451031310584
0.450902502811
0.450730787731
0.450580563863
0.450537647357
0.45047327643
0.450408910103
0.450344548374
0.45030164311
0.450237289046
0.450215838714
0.450130042494
0.450001363494
0.449958474582
0.449915587714
0.449786939885
0.449765500283
0.449701184545
0.449679746988
0.449615437381
0.449594001868
0.449422536156
0.449315386694
0.449229676322
0.449186824202
0.449079703356
0.449015436674
0.448865504077
0.448758421045
0.44871559141
0.44862993827
0.448501473891
0.448458656519
0.4484372486
0.448394434294
0.448351622033
0.448287407473
0.448137591384
0.447966403658
0.447880822059
