5319
164
31908
62098
2372
51268
4888
2148
5832
2403
61196
111
7578
58404
1905
1092
850
24017
51687
14174
4126
3508
1899
201
1338
7341
610
3025
2906
36715
45544
56214
2464
2118
26301
6997
15853
14703
26471
37655
3295
42224
35447
499
658
2393
8593
11487
2003
57060
21151
16212
1051
5010
58835
58668
54930
77
3897
13530
36300
22233
5109
1968
21930
1739
9956
7286
8157
4171
54932
18946
16732
22253
4982
976
248
21657
16965
4067
1050
848
33815
2126
23593
10737
6655
34449
23277
9804
45
24806
1
373
51028
32144
41890
397
3721
3999
56016
20182
3075
8632
4536
50398
2113
598
6
3989
14152
6700
2791
20810
12145
4787
2437
12995
2699
15762
1997
8299
2793
51247
950
13739
2310
26891
4707
800
1197
7440
174
43242
1501
5763
836
16133
11250
23120
33558
4174
1563
1876
21099
7777
20383
18443
6656
6084
12978
108
18715
3432
7522
54448
14244
8337
2459
568
161
1399
12189
2938
523
941
3465
9315
1044
43799
3320
50389
7072
14303
2114
25303
1800
62206
7817
2871
3915
5344
31166
1390
8831
973
199
2002
858
3177
1853
2232
3282
39327
35037
567
678
2480
55904
18001
12767
1428
9359
36266
980
5462
3732
1486
7260
33651
8810
21357
10739
394
10677
33416
10761
9978
2370
4626
2950
6192
14494
2430
2477
6899
2926
1004
19534
8901
27703
3678
3216
5227
27273
1872
18081
6178
6438
5622
2970
1340
5723
748
9705
237
22027
9718
12003
6797
51985
6044
11681
45968
2877
2957
366
899
13083
4040
7882
11705
576
2066
2279
10683
24492
2953
5082
14646
10467
3855
2443
1205
9099
1158
17494
3573
8886
6003
2135
2051
5056
3
24962
2335
3425
50268
3056
339
11
2234
1999
11898
24632
10799
2690
2618
31843
1519
6955
32655
4814
1790
25969
22002
19790
1738
20163
23983
46406
2457
107
83
8555
16989
671
2211
2959
4073
949
3856
2235
2931
9988
1766
56777
60564
15056
3419
9068
11583
2414
2554
3027
12942
24356
6193
436
3469
6074
4595
18754
802
19523
1870
4917
289
1359
14162
3128
947
36967
11193
2020
7952
2672
3148
17584
12675
1118
2334
824
1661
3245
2631
23452
49761
20579
1407
953
3536
1840
2216
19182
1434
12911
21874
8771
15645
3837
13576
40718
7996
878
26588
3860
8030
1792
25050
9654
4761
7533
8097
3032
5928
4259
6303
35794
26825
2711
50583
15812
202
3470
12379
4929
1998
1520
16899
11769
600
25330
3323
13155
5732
19241
1824
556
20616
4973
6703
832
829
13876
1994
2930
17139
12773
6657
3993
10948
859
8207
2956
959
19286
2620
1163
23169
2115
19314
16236
2001
2217
17884
9415
14059
18956
2104
2271
5128
47899
54137
19811
233
1579
3053
3784
24559
59795
59395
13965
4101
2937
44467
12654
3376
14383
7181
6276
230
3778
26853
1576
8530
10625
15484
53415
3309
3598
33475
315
8214
12063
43979
57682
5618
6098
2008
18483
22892
15452
6287
1638
439
927
5111
4800
705
4069
2825
7569
4114
738
14697
14709
11347
18236
14153
4335
8697
6329
99
13026
6885
14510
3700
14050
4743
616
48195
2549
44562
1073
42098
19369
645
2012
4578
5341
4825
2045
34873
4093
10339
5428
958
6948
11430
19326
25414
10045
1510
3387
16880
21571
7483
4852
470
307
6285
17474
35441
2693
2386
4777
10513
5892
5882
24060
1038
14555
17216
3415
19586
6186
31134
35433
9411
7605
24798
317
5650
35446
57118
2807
56047
4082
14132
4794
3337
24506
12202
672
50566
3330
23772
25649
9820
6555
4597
26473
236
2479
54402
16718
318
2629
2872
0
6021
5433
28552
9230
8826
9565
4793
16246
17057
5237
3488
4543
805
5764
10370
1212
20136
25296
38552
674
665
7226
8847
22574
30471
3304
2122
25587
2954
10262
29860
29700
3772
23229
195
18230
9896
4902
7677
475
4648
1857
96
898
16324
1298
5995
3859
21631
53617
15316
10617
26047
2976
30417
2445
7186
18516
12200
56179
12267
939
5429
2017
3003
28791
649
3634
7305
32693
3576
11936
6794
10512
7295
2276
3136
2860
7547
2573
1493
12070
17033
2128
801
8062
24522
2016
10058
2932
7946
9394
8475
16530
2446
8490
3311
7855
274
10343
3514
31260
3692
10905
13154
31462
39766
45840
4539
18169
724
12158
1392
21424
2710
5578
6549
31818
32317
28895
4897
2501
4140
5290
15332
2175
12971
1847
3413
19098
7479
25864
8164
16508
27431
1231
30804
14046
9530
13012
5097
11763
15670
25071
16318
18969
7716
4087
31352
11299
8626
7853
3606
11454
1207
17372
23523
25703
7304
19117
209
10974
11905
1852
3515
10430
4442
21232
11934
3182
975
40463
16293
5005
1147
3131
23319
10172
19245
4282
3940
13729
10337
42801
10557
1947
25003
3272
6702
34796
14766
1556
1410
12774
1420
34288
36735
50084
9014
2869
11798
14970
59916
48502
29488
979
26916
11010
8269
16238
8815
7958
5580
13705
562
7698
6561
39529
4801
10208
4658
3029
12014
1154
2371
16308
61579
12466
1722
35448
4078
14706
19030
1575
23034
2746
6354
11223
2958
3853
2728
23713
16365
16859
34511
21806
5524
10724
9981
5025
15814
23618
12528
60
3898
14150
2162
9122
4541
18862
5931
981
8691
2333
1550
684
36204
31618
8536
23938
59786
2951
15078
19411
110
3637
11086
1991
7538
6887
1012
3827
11801
21457
10000
2018
3324
18690
34165
9659
23364
888
529
16709
20503
21429
19674
156
1583
2013
20527
55295
3589
2286
16678
4163
19731
10047
3566
560
7294
24864
25797
20382
6308
5449
4983
29985
904
16065
25426
6005
1413
4644
1500
1958
2072
7004
5402
821
7376
7938
38991
349
30185
34555
28671
12617
3026
20106
9089
7170
30058
25297
8087
24204
3129
35863
6269
19550
3914
5784
22005
2719
8660
1598
1003
1302
3133
32426
20587
4108
25918
227
20655
25803
7025
24994
2974
35016
31133
2773
17708
2257
34529
1122
29842
21388
29201
5233
17075
11973
804
2557
33036
4194
9109
31308
4080
3756
17795
12333
19066
32663
29126
15749
35259
37435
15781
26131
5559
17455
24538
14450
2988
7423
12001
8028
6584
7682
11406
19087
961
1777
32624
14001
5987
1996
26217
7947
574
40845
1846
4146
5106
27843
25547
94
5695
2200
10896
1767
3410
264
31215
13021
251
13942
2287
6019
6667
29575
30153
14516
22548
48171
6690
42045
5614
32135
6796
56640
639
7173
14090
46717
8174
3076
4060
4723
51849
49429
1360
40735
21558
4635
7303
765
22156
2873
799
21076
2984
39637
43736
29934
14962
24030
2315
30436
466
10027
8696
17213
16558
234
41009
14025
10852
16823
9146
4505
8816
19052
19503
12092
5452
27939
85
3292
28400
17687
6038
2124
1140
23438
4083
2465
1469
24564
14498
1102
31465
35036
35531
7939
257
37289
2450
2691
17772
11019
11686
4147
2136
14261
40057
25906
28601
26108
14320
7210
4627
9291
42092
40622
2624
1866
17575
36251
18980
40958
3247
19386
28952
22040
11865
36691
24422
34671
23314
24671
3990
24699
51741
16107
3633
18753
50323
33677
9746
757
26077
16165
17227
3332
17014
32632
17407
11728
19965
2483
10741
20134
12048
7625
32781
2502
33021
25141
2738
3062
34705
4490
34267
31022
31822
6786
46631
22483
29769
26041
19115
16476
952
28914
5308
10496
18116
20034
36355
2750
4212
28739
965
8659
39984
7673
704
9459
5125
9297
59255
1439
29496
17524
14921
31144
8462
822
6689
8506
9913
695
12775
10736
6646
20298
17526
8577
12296
1859
42087
22114
4819
15417
10155
5004
10017
35628
25499
4599
13776
21433
40733
15411
14865
23923
36506
10400
5584
12564
3438
9025
3125
58837
10048
7577
6956
12543
25994
35390
35995
5683
18032
14299
25190
23558
12115
37615
53742
25074
8349
15273
11563
9568
20676
1799
2405
30653
1660
31936
6871
22734
51887
27567
25245
21899
60424
16339
40042
44328
52032
23018
42948
15017
11052
2606
9434
29495
517
8541
26593
5011
37062
2801
1633
21030
2491
52106
6221
16150
21522
14528
44207
61838
11878
38203
15356
32125
9614
1484
3475
15700
19920
4330
4086
4930
826
15091
6368
3147
54070
12337
25317
203
10565
13904
33012
24494
5533
15973
10608
8227
2218
18378
7372
14225
9965
6591
54292
10894
24749
31563
33007
2616
25439
17285
5642
982
35789
2121
13580
35412
13840
4055
2241
41950
28522
228
41844
3567
7951
36884
25214
41996
48083
10941
34219
7586
14312
12415
5577
1523
34629
32459
20892
7
5897
18687
1337
2588
20114
33634
12028
3927
38863
31686
16222
2697
40353
13870
886
36850
15220
47487
8054
9184
1829
4607
26478
10903
11602
10464
6062
20115
11158
29901
1277
29220
20923
54354
16870
1831
6131
13839
12256
17210
3815
36340
34022
8405
17329
19791
24892
1412
4165
23643
8699
14863
12685
33375
7568
44437
4823
25353
23979
10084
11630
969
8439
8704
28757
17730
12215
9028
38063
5387
1319
25463
35679
8604
12779
1186
6405
26419
3776
153
9649
367
13650
7177
15109
4441
27956
3104
32364
5655
20804
1356
7248
20940
39229
5214
30449
11678
42030
5450
3058
1578
46775
39199
2423
41761
3666
35676
22009
14288
45362
28750
15121
19229
21053
38670
15269
471
18024
16711
18072
6043
23587
49077
13101
21041
32423
10420
39184
51550
84
4164
9848
2551
11058
5347
9188
1913
26661
4166
26401
3963
7596
1358
39450
26320
881
23439
8
5115
22975
25156
4081
35840
5690
24079
3718
9
14369
37510
13875
26372
24354
42837
5346
22091
2442
14100
36302
10249
5962
11582
13210
21364
43872
53018
31943
21352
22273
34030
3487
29636
29946
36417
5210
4763
26761
7041
32820
6953
15009
1995
32506
41312
7230
1380
7570
2000
12623
6992
18792
15671
3121
14580
50433
3582
19112
12148
13219
16175
6289
1850
903
17217
24617
32801
6417
24700
27040
28778
7090
20041
18039
9600
23112
42010
599
19146
21107
39075
36118
11638
41037
14433
5100
14737
32333
6951
26788
34797
23603
33710
17419
12811
8779
39178
34779
2096
32983
24496
20896
3623
17006
12198
1953
41003
28238
310
32348
28134
33981
47500
33299
35613
13582
38623
15461
18834
13872
1889
18231
9570
33393
25740
44649
7606
37506
30928
13511
17480
24849
12157
17306
19257
31719
4593
7175
21478
323
5959
5651
50205
7933
12852
13153
25154
12035
42894
1361
11500
19271
19171
18
6134
20093
33541
27035
42386
10478
37811
518
22372
47192
9217
13789
758
1026
26098
14973
35306
9546
8317
7993
6734
5915
6042
36385
9183
24908
2634
51941
14933
27289
14300
58955
20370
1104
59269
48607
8778
5515
34645
14940
46223
1943
11870
3928
18669
19800
56735
27215
24976
12427
10279
37066
16335
24216
2447
10694
36648
33150
4712
12819
1171
16071
10167
28539
45935
48543
6140
2046
28473
15654
50228
11564
6375
5
38031
29834
7955
6625
1877
8253
39748
21565
19886
10461
46418
5288
12638
7353
29531
19421
14745
1540
28130
61126
23484
21337
26832
1185
27405
13568
21862
44660
4175
25395
2894
21422
15203
2664
23276
11946
2357
396
31359
5231
40604
24926
7473
21973
1845
36149
19132
3325
4615
44984
19561
17892
25987
43943
25488
3328
46599
16131
22993
44521
13541
18115
47924
5616
8885
31691
9513
34446
33735
52227
3137
30597
24571
21929
43030
5019
16290
31467
3307
7846
1155
3552
55498
53303
39114
9563
26468
19342
12414
51921
36334
36324
12857
20789
16084
5920
46792
46620
32180
15707
2349
5173
15186
27690
1409
7329
4297
32773
12426
7309
20766
37708
26439
39980
21469
52234
14060
10541
9879
61462
7830
57550
10
5124
3244
21306
4209
22672
4817
4611
8377
24244
10607
37633
13988
12713
4900
3586
26264
12377
27611
5543
10963
3752
19555
5637
12924
5557
25786
11941
25469
26102
15187
40442
33116
10860
14968
58544
12308
13555
18379
3444
8209
24568
1749
7367
2448
1713
8906
30260
35835
1317
41454
26906
19851
30186
34213
10829
4766
54531
35044
1890
30715
4476
29951
34617
12980
47772
56963
43329
18660
11157
10864
32690
32376
42708
16972
36047
33539
49147
33679
38621
15258
44813
20977
24168
2150
24918
25523
52673
39224
51958
8564
5107
41926
6713
49090
13752
3663
30603
58440
5337
16848
8706
31696
5362
1675
8838
11603
3280
23660
30815
10762
7284
17563
15808
34409
18296
3767
6423
22903
9031
1673
17879
26551
38856
3896
2701
13053
16882
29634
19802
9149
31385
29635
16504
22261
3624
17025
4138
26394
30698
14284
15605
49038
4177
13390
9878
30495
9485
10552
38375
13001
7100
35205
1509
5538
15667
36303
27379
19915
24454
25440
12984
45751
40725
31282
24925
43835
3822
24065
14389
12467
24580
26028
12360
20269
35144
29024
6404
2123
21699
9596
23409
15763
42936
16951
3196
14690
73
21235
27347
16589
33386
25108
23315
206
15473
23609
10562
47734
8393
1314
51931
8150
30145
49818
3156
45562
16116
44496
33262
36025
20509
33903
37051
231
26753
36776
30019
12242
30005
38609
28035
17750
4554
3312
23910
9447
10684
2132
47795
35049
49310
19700
17334
52842
20458
30953
9721
42916
3560
54429
1778
17886
21186
53563
17861
11234
8232
19856
26674
54467
27879
41508
1341
44033
8550
8093
32864
4598
33482
45715
29839
41811
13128
8192
33628
18773
6363
24405
28592
44046
59807
22678
879
25538
9473
1946
19119
22726
47369
3135
28486
7067
39003
1627
50175
43866
48085
24716
42150
26127
4198
27245
14218
13536
19531
4728
3649
31949
3535
11845
29600
52208
344
11624
25729
921
53991
3264
16033
1389
13931
10077
42680
8346
37371
12093
10937
27895
300
5512
40559
15859
2510
8083
2888
15529
19297
17109
11216
2687
1019
25677
27563
35498
13737
40480
8131
42034
19064
22485
29273
4295
42073
21639
1900
15114
20330
21541
12310
28170
47539
4742
13134
18886
5665
27963
36365
7056
15977
37538
7923
10800
29079
30636
52807
22262
21771
30282
21573
19545
31930
4480
6775
3371
42431
15709
33266
7807
35299
37473
30582
1765
13392
5765
45131
19071
967
27106
3773
22750
55
825
39437
18073
19966
41421
1033
14936
21733
51620
15257
1948
30342
29285
6330
7539
17553
1987
33580
24160
59897
4821
18390
18815
47357
3230
2440
48888
20310
11304
10151
216
1827
43849
16197
33987
9193
47448
12765
11525
14550
29905
14593
15151
33285
10994
60902
46065
24137
6520
29138
12661
30956
30662
29680
23594
6858
11099
34313
46068
15676
1217
3861
19354
22505
9326
15445
32204
1433
38200
52139
19821
35841
779
41449
36924
296
6826
21454
10691
34744
15871
42538
23998
31204
27974
606
10568
11558
10031
681
1957
8149
8781
25757
48632
18639
36925
1306
22558
17983
24782
51310
50339
6952
55704
4563
39985
29170
21569
19116
6774
1758
16406
7692
36179
31605
43720
50891
10920
56495
26390
53959
29481
1836
52897
2228
21293
39630
6792
33683
23837
38859
3220
25599
18120
5368
43575
10341
43407
31214
2814
6090
22748
2282
33384
29390
1418
32493
24147
59103
12167
4934
3224
13943
20746
8793
57376
61128
30238
4048
24876
11795
2708
13374
5754
22575
20721
17290
4885
50380
31120
35019
31043
1868
2392
1301
1715
37524
48768
15643
21029
6860
25567
47926
26303
14984
38749
19123
40806
16281
30783
3223
57956
22309
37828
6012
12539
10490
24995
17976
20319
11344
26686
683
892
50657
44673
7281
52404
4826
18632
47142
22716
11246
42977
39451
46673
31357
50820
55597
5503
6912
39407
21860
580
10664
9064
26049
20556
2387
22961
12404
39078
17343
55518
21687
14207
54371
18063
26068
39680
3561
14258
2796
32897
31504
18833
37899
34612
8386
44604
28628
11839
55849
38827
44538
28974
60593
9955
50923
13617
35571
35018
39499
6146
57661
329
22818
19750
24941
23341
35174
3763
9950
834
8876
4619
62159
46967
12990
27076
23067
54404
59263
25659
46206
7675
16889
17523
33348
9740
36238
22353
34540
39574
4818
42485
29129
11889
1833
22595
13105
36855
15864
8634
45010
30976
32099
24420
30246
726
7575
16183
16453
8613
11482
2918
41285
31198
32032
16940
10323
26613
32498
38723
31645
13807
5700
12391
45190
40491
39457
6585
14332
13746
48126
2865
51790
12865
9110
21760
31813
31338
47685
9865
28081
35493
36716
18034
5558
18172
48937
27766
31647
1355
4291
26631
3134
16450
22849
16344
25767
35503
44582
36778
8287
27565
36512
5085
33507
50975
32791
7065
52991
18718
23595
2067
960
35758
43559
47126
37139
2704
3426
32925
49227
49044
3255
5266
12236
30438
17286
30997
23405
34032
55010
40335
38480
8941
20331
54776
3185
2174
3603
10634
7466
18983
13266
28889
45754
30560
26420
47686
43492
33704
46032
7219
54144
3537
16643
4557
9682
42642
204
28411
47308
50512
43620
42369
53881
12386
33479
18189
22379
364
21588
22039
41702
11699
41140
25967
56578
17925
20897
39446
22208
3978
39767
10537
42131
20722
17926
16826
47345
19489
19173
22947
19
48592
37511
18903
28797
5817
48553
1267
40293
20631
12859
3638
41365
4066
17836
23519
19719
44293
13394
29868
24967
28971
15998
3967
8394
54463
8738
17576
18664
14663
34452
9044
19632
60979
8591
35640
15842
38426
32432
6166
10612
2815
14206
32170
22640
40802
39863
34558
653
10028
2413
14967
42167
4809
32350
52217
1794
3042
44777
34639
37995
44304
30320
17560
21146
23110
39283
51313
14919
17098
7700
8333
1403
14339
61001
24931
11355
196
5988
14946
10492
40545
15115
18362
55009
14451
6529
40328
41091
35103
28316
30266
13891
4270
13545
19832
6116
36545
31009
42872
30249
4002
17968
8201
30809
37604
18199
21372
2330
4922
4633
35706
37385
4084
26830
53028
11018
1855
24938
20589
37250
14669
27222
44157
16247
30900
16495
34178
34407
21783
20562
24513
32945
23964
7392
4063
27327
39799
23849
10142
10186
35006
20001
33111
815
41989
5831
23890
6272
28057
16986
3414
54743
27261
48181
26171
31122
52917
1977
46649
23628
50602
40557
45434
21173
8568
8598
31815
14730
35757
36803
44280
17289
48256
18627
10897
11509
9641
18843
15132
39871
15717
31876
27896
27607
7593
2412
32702
686
8489
10288
22856
8071
4499
2900
41671
60468
1344
14695
24277
10567
13014
31403
39735
32068
28672
53356
10094
25920
6611
13886
337
14553
24416
8534
24237
17809
20337
3139
7496
23644
17911
32066
47750
39963
7922
3221
4134
29202
23428
8935
25734
11419
1145
21791
52703
9456
5761
30458
13929
11137
10705
36579
46848
28184
46533
8351
34843
441
1204
21339
36390
35424
31280
29032
29145
41719
17064
20818
31072
19779
16535
8172
2260
12760
14503
24547
6032
55515
1569
22679
32526
16340
4964
15772
22099
977
32225
48138
21974
27323
7815
25998
31321
18599
27608
40874
3994
45210
42749
59972
14582
10756
16928
7172
37256
2145
38964
11915
3986
62162
6652
27283
51789
26287
14541
6950
12963
1210
57579
25930
5687
28548
16337
41133
29592
3854
27290
28788
56369
12705
6954
20949
15031
24103
20277
23275
25339
30876
2759
18303
4425
22319
5114
26702
6802
47776
44188
17752
31089
718
32272
28460
19260
47781
15944
48838
51675
34284
3539
5736
29734
26345
22318
764
20650
20289
2941
24869
55530
8199
35200
49318
1990
11924
20178
33925
2252
372
48228
3361
41381
9937
50557
393
2419
13003
13331
1785
10868
38211
25877
28986
31571
17271
43637
44360
33574
5813
49119
26106
45047
20951
36957
25949
4369
54344
32835
50222
10187
30284
23389
5235
17427
35994
13642
61059
17881
2014
16959
54366
24022
45626
45039
11031
49196
37926
39864
39664
31436
35923
14522
10883
40639
17571
30080
6709
16931
35699
33553
12937
19730
17594
39829
14880
49759
17053
53021
40173
10582
17689
29712
55620
8562
964
12233
4839
26855
12150
5336
28668
14191
20531
37470
43376
9073
30609
31937
20879
52903
13920
2842
27849
53594
49465
54410
12285
18013
35199
27602
16673
54947
16254
4374
23607
12509
18973
26714
20750
38960
8061
862
4431
55545
21611
32173
16877
2878
14363
10640
14521
24359
36826
42694
16670
6800
36053
45139
51286
21027
3100
18550
62471
18984
41343
44525
12537
4145
30556
22973
19231
25165
22291
37491
6348
11606
33906
15988
32399
15801
20539
9914
44040
44212
25608
32158
19124
10380
3326
13579
20396
16537
13711
22244
15251
23297
22597
12361
14832
76
15065
3416
36744
16730
29274
3014
20224
32596
61100
19894
34840
3431
2147
14676
32479
9180
1874
43523
496
263
21047
38350
17333
312
59600
3190
10428
2542
8930
3546
38435
50295
4586
56218
44127
27112
32502
18105
20559
3511
35466
46353
2348
48680
16029
40721
23232
11020
35791
16961
30588
7348
60508
31360
28290
33908
45901
25923
51150
3399
316
55843
19164
1364
951
41590
25274
20416
1696
36116
37061
49177
2254
26240
29793
61510
21219
45137
3762
49448
1573
22305
22990
41492
23426
37492
21595
45328
8718
53972
11869
37646
35399
20161
14853
20214
16743
45852
7973
8372
17642
7149
1741
29638
43997
1001
35188
54421
27875
33684
31600
22689
47342
24929
25061
22001
29348
53771
48394
46376
50152
1297
38610
3970
35439
27822
35148
51573
56136
25612
28808
36230
49799
44640
39632
37373
61423
47252
12368
9066
7871
5486
56558
27462
32738
46808
27237
14272
5316
37140
18405
15836
4890
9639
41434
1009
54309
20979
52085
47566
40762
37114
36595
24743
42707
27796
2245
47359
2879
45236
42000
1199
18128
6118
10441
22181
42068
5752
35736
55974
43383
27400
8170
26362
31661
26418
23127
5479
2986
51417
33887
15216
50208
43986
34698
58962
59344
11954
35351
3614
8139
54279
8286
23463
50821
1414
41580
19425
1226
14196
1725
8783
27312
20275
34300
18732
40930
52393
3277
41666
21579
1811
3373
14265
9020
44692
38547
52005
41303
22525
43256
33721
8140
52877
19331
45971
34633
8967
1728
9045
26259
33039
6856
31806
6654
11591
42906
6057
3636
16712
49756
42185
60667
18700
51851
59320
16644
55084
51144
51781
17962
48412
60600
53733
20583
1666
22161
34011
20344
33547
50941
26705
44172
49657
29308
54029
43538
3519
2617
39851
31728
16106
15747
1384
29140
20397
27278
5663
4621
52358
13851
12646
43209
5096
38987
50652
57989
15981
23108
11964
28825
25381
12191
19948
16275
3879
45336
52226
30689
48108
3365
6701
18908
23113
21387
13811
8229
3848
10479
13385
8601
2117
16760
14156
31441
36825
2903
42012
8058
53154
21310
55916
6760
11749
35225
27839
13636
40084
43546
43942
46136
27504
17893
8932
7207
40842
22913
41770
38868
39475
18011
39288
2660
29673
10732
18822
14868
458
54493
60019
2317
16728
15686
13535
58846
20281
10545
6148
50510
61810
33277
40726
19003
15730
42149
20981
2901
37904
7488
20210
41127
114
56316
4965
17852
6808
38591
3875
14342
11353
38573
23911
16635
1274
25970
43791
14373
20523
59041
35210
9796
51014
40304
2767
25341
6349
21489
37730
5006
27872
47066
30778
40467
29385
37133
25653
513
11196
10336
7893
36948
31550
21430
36550
62357
3590
55013
48202
47656
38490
30631
2874
30230
31538
9436
51852
538
10136
27582
16392
52553
27152
547
7690
9483
26024
37369
21450
3660
23152
12540
16000
36646
3696
8099
48102
13469
22790
37050
2882
16083
59669
2086
46094
5560
32714
15310
15241
2627
9525
33904
37747
51804
32139
44130
5554
56484
41390
52775
6428
8707
91
43289
24131
41805
47577
12490
12559
32652
27882
1417
4154
52656
14943
37122
49297
26379
54365
38123
39897
30427
32003
25434
3742
38920
43566
19007
2278
32741
21671
59925
20826
25802
22063
45706
4324
59481
5603
27549
44214
17378
52479
21468
8113
5138
14787
55334
1098
57510
591
34234
24480
22969
27421
7598
50395
32758
35316
31620
52185
28824
26288
45109
34526
25965
4085
39910
42828
59955
17901
26038
39993
56684
5834
46772
26445
42759
14037
27804
56315
44501
3210
55346
44516
1161
49837
45070
8453
16224
8556
1022
26754
2720
32346
18860
16057
5133
9728
35743
15444
35984
963
53543
43605
17069
50168
26896
36034
47072
11627
24785
38082
8850
16556
20248
3744
29093
47797
50677
5330
41681
31124
57811
14126
50646
22884
2487
43003
16976
18258
49873
31785
33194
4017
38514
54399
40295
14468
26163
13505
688
27446
11068
48956
21382
50580
7254
28195
11881
3031
14151
44282
19573
789
30413
2080
15695
4616
29661
26924
10854
4208
57096
14441
33474
42888
46008
26204
14263
20211
26627
26751
2786
34599
25933
51334
57980
47364
56019
52831
22003
30259
42586
56537
48385
44078
34975
39356
24189
14176
81
20038
8009
41676
41855
23951
11282
12771
31046
61463
30967
25689
28421
22795
30492
38103
61054
18020
19720
27026
8466
3653
1732
44307
59787
29435
50546
26184
28169
17198
1447
47733
47255
6265
44937
37699
23623
22386
22560
40269
26455
16761
37151
31511
25251
36396
52189
25622
20930
31882
1694
32612
23712
32783
31178
22876
23833
44725
27438
20169
49726
138
21918
7160
21984
8137
44913
42935
31108
8023
13145
23511
27157
52401
39631
37218
5463
33219
14033
2231
8894
3852
22471
50348
5625
43393
56928
6661
52317
9932
5167
50513
47501
34708
1206
25855
31991
13264
18941
61822
5797
37022
60367
31140
21562
34057
50539
30023
10313
29967
52244
50123
26080
860
13472
41431
8401
43091
14666
26424
28633
59081
31013
17110
51797
27071
33200
16003
7285
37021
47821
61315
7829
20
38913
54369
25164
41660
32050
30857
26566
55263
19891
7705
12268
46303
23158
408
28017
22893
1820
31029
1901
41367
45556
28118
33002
47914
51101
51076
27753
12793
45050
56513
58349
36229
430
21911
34494
6239
53783
28209
23997
52266
11993
41942
39206
30847
4674
32151
1400
25821
39414
13135
47183
384
14872
6604
19671
10020
15784
18955
38569
49997
25417
48846
40061
17997
17596
24518
38184
17153
54347
30091
41552
16867
52649
15199
10342
8268
2933
37311
4733
994
25087
21240
19349
5963
9454
14876
39354
16419
64
55089
39290
18629
40186
8858
37704
13084
12683
45602
29342
3411
5746
26601
59375
25568
29899
43836
50668
43828
42108
34867
49571
51157
36298
25438
49862
47221
28252
32004
35644
42344
51599
29205
29998
51342
62117
28689
23506
35987
5575
49464
33126
6395
46756
39324
3479
1336
21054
19189
16300
10391
18850
13398
32519
32112
58584
12655
27675
19992
36449
46036
56276
33972
49210
36397
50469
4833
20446
49801
39669
44098
33016
23783
30690
50078
57464
22334
45613
36279
54183
14173
36055
40376
35681
46033
38701
35955
43130
55198
42464
34224
19334
14562
7093
17950
53334
41366
50443
4722
11844
27450
39046
24741
41773
2875
29745
14166
1320
56011
18095
40104
8430
28439
28099
27777
2053
27564
30641
24391
41567
22906
18781
30129
1362
44549
55088
4062
31450
21830
13008
25483
27716
53511
32048
4628
48809
42613
928
6619
24429
47945
26252
27326
56565
14980
35635
54593
52370
3568
38986
3982
42850
13330
2269
57577
43702
2876
33916
52792
1801
9880
36692
58155
33489
56064
10011
53682
14788
44983
44809
7080
35186
5073
20406
43337
10143
1381
20727
24201
1325
13858
16981
30776
10503
49867
41980
35846
55649
29510
40909
53546
58721
26059
44980
13176
49752
11853
14106
33191
343
46138
11949
53685
13722
16634
56610
10059
25205
12947
61
12699
1897
31283
17683
18332
41254
30761
46811
14045
32037
26816
4130
48324
44082
57075
1795
10636
40314
26748
50979
283
5594
19196
35941
19823
18299
43278
1705
36493
46652
5504
5171
51325
53986
256
49170
13934
39526
28926
5648
28192
52028
945
42779
10209
45045
24666
7478
19507
44782
3895
273
52791
32351
6169
39459
15321
62565
36802
10284
18727
21066
31510
13770
581
41336
2420
42462
37430
30293
33964
24544
46222
45038
23217
9347
18367
36487
24305
32924
15578
1075
16933
21257
6394
28553
5178
46114
35499
42558
54646
23055
12862
3127
31012
18484
9232
20212
3028
34586
17151
539
7924
44492
6130
2381
41839
49058
56950
8966
20185
60801
19021
21287
27646
23293
53884
31868
32508
5505
27030
31911
57287
60388
51075
29500
57189
5016
35397
54289
39679
1284
40275
49541
54375
2586
8654
7270
33471
19470
19556
47844
14644
37117
46857
15393
40136
50298
43472
31788
59075
29401
131
43565
39579
23744
24108
61011
3609
17299
2546
13337
59153
54199
57175
14875
24940
16830
29514
51376
59680
53416
38817
3294
24802
32934
36026
18461
51450
693
57350
47545
12218
56717
59648
24965
29463
37037
21193
45473
9228
30973
34928
46111
22062
21162
27993
8678
19795
55585
55182
3843
47244
50257
6716
26497
47835
52176
20549
7771
57374
21171
17490
17541
50151
45051
6827
50161
8836
44131
19963
26035
46336
29023
31933
38077
607
36097
36469
4172
7253
9660
7729
26823
29017
8429
55685
3974
20168
4113
760
5157
33141
7490
32926
46269
53688
1423
36373
33257
21484
40879
10458
7731
23864
14459
18294
5591
56738
8887
45987
11888
16885
25936
39473
18945
11683
24293
28874
33157
13441
43596
41013
32552
29997
14997
41772
49060
42477
18241
50403
20690
17287
34505
827
53740
47885
20852
52890
45809
4233
36985
21423
18796
32898
30901
54643
18699
61804
36486
24152
33798
48307
18810
14246
7527
25475
25419
3538
2125
2219
53732
46893
42814
2183
12334
12515
13177
42190
4386
8518
36634
23240
36383
38515
15907
20943
21172
26623
30684
17639
46077
46298
56767
25286
449
39606
4542
45735
15984
36520
41424
6114
51336
5606
28441
1892
25812
29336
26611
40407
3619
22648
50898
14760
17751
43159
46369
23613
19185
9322
54868
12372
19974
33358
58803
54231
46675
27271
16900
5921
42154
39979
4909
24695
7746
37115
32492
44912
11371
28953
491
49694
21406
8122
21637
23986
32907
23429
31572
3904
2356
43650
57166
54959
37028
13619
22929
20886
50062
44105
49216
41860
47240
60677
29925
27114
57517
33719
3669
49397
425
15247
1867
58078
29528
13919
22504
31431
35922
28092
17249
2921
3313
18470
53132
24694
7251
2250
16719
24592
11640
19207
10772
36456
31539
10079
43918
46052
48576
49370
42937
18374
30356
33014
18737
16191
52745
49443
58258
5666
7197
55638
18959
34146
3968
40669
45127
2939
49983
41872
45418
48917
55308
4100
48165
47118
42267
3601
58733
57710
12385
44595
12959
36164
19011
32956
14079
13086
885
21065
15460
40066
5448
10401
16639
37159
18673
48581
3078
22150
33387
40757
13189
43781
34544
25432
6015
1699
31056
25570
5525
41783
40744
20925
19744
15421
9799
18448
51484
23620
39690
52261
23080
34942
54271
56026
36903
62406
4331
978
6748
32464
448
10191
11906
476
17844
3704
22178
32645
25791
44864
17327
56747
15937
49594
52104
20192
18372
5929
53772
23622
55151
49891
4726
23373
38933
26286
55689
39570
46554
17478
18971
26309
486
38634
12882
52442
5775
54682
25602
59346
33473
9557
52445
33921
22478
52588
24839
27989
32114
8612
40291
42139
45695
30718
21425
10150
26600
2328
30401
32177
17018
18262
6111
50595
41507
20686
7905
31888
49707
58325
34868
47404
40575
38132
58418
36126
31317
7324
15154
18387
30864
42118
44990
8580
26946
51327
44669
16014
23096
40358
61457
29917
59486
14901
43129
32404
30770
7838
2529
6923
15348
17228
35643
53251
37351
22397
46132
8516
47946
23349
33287
16560
1096
36214
30919
46466
51954
10251
12329
37412
52922
40201
41913
4447
43301
5825
28534
35267
16703
44083
3868
36120
31453
34965
54781
47379
39937
44213
57330
7429
50350
28912
36840
49161
43182
23101
39066
7166
27574
42839
25497
51681
19785
43619
59593
57112
1973
8745
3456
21148
11119
30894
19655
40105
37859
4865
33670
26118
13921
472
29556
28904
41260
3761
40279
45376
15543
43441
47680
44742
31525
58641
19645
61270
12527
26253
50133
43685
392
16920
11097
52736
45049
37091
59667
31731
57871
49620
28402
60368
48133
47297
13263
59306
51426
38926
15160
657
52652
42546
48521
4519
43077
35269
32210
40190
49377
34524
61171
26381
28991
56300
31895
3939
6460
15396
12729
57149
25939
19825
2106
38647
57757
19553
38732
59566
17595
59596
1443
37131
38675
35181
31196
57813
18369
59900
9339
43114
43107
43014
54202
56151
29397
1495
19724
27869
10126
5399
57172
44792
3354
22751
61845
3689
32603
15800
55578
23863
5162
22953
60570
1308
37601
38510
37901
6168
44002
49122
15585
17476
26213
56802
6816
31163
53314
37715
3674
33820
48538
51256
6622
36539
23455
50461
31724
12500
27614
46290
7002
46419
27016
29513
18308
53840
32720
21426
45199
28598
16228
10797
37963
7126
40018
26397
32894
26194
46551
5474
34782
42248
56157
22185
60163
11331
32087
20438
46822
3641
30741
9171
52631
25827
36978
36886
31640
61371
20642
34220
33407
19837
50506
42505
44743
45696
57433
38260
48053
57182
47465
8048
10258
60798
38655
42853
45510
7534
41841
32959
2622
60427
46745
34154
6092
30839
2543
3117
18426
16584
2770
31702
38941
24505
51784
55770
50903
36922
20595
51782
15425
1406
47531
30812
13236
40240
26110
59236
13518
61738
8018
14192
30340
23551
3258
24553
1334
45680
53737
26361
20059
40399
1525
31027
1797
61891
22763
45211
40659
19749
19569
36535
40131
60001
14212
14665
55719
1143
25801
31427
41549
55337
25857
8487
2236
50012
36213
44315
37453
31879
51093
47331
35595
41199
45708
50888
47886
9559
43166
5108
17625
459
42646
36113
48804
7948
2963
32179
36743
52257
25318
43111
42688
34872
34384
8582
28217
27610
37586
11050
50920
46259
25366
18565
30756
4585
50215
34080
48861
7921
6790
27074
61743
14108
60848
26589
11295
20708
45319
36056
61522
5947
60078
44644
2880
49614
24766
4493
4736
47942
10038
48700
24495
1440
21383
18643
36044
46448
24342
10585
33120
7471
40570
11752
24320
25453
32148
38797
23465
48701
4693
33284
16731
54509
45361
42020
34192
17975
217
24670
49336
37502
8086
61106
25841
54764
37143
2861
4876
45796
44940
398
51791
30263
17066
39195
43454
43360
18600
605
26865
19177
57993
50068
11663
4030
23039
33101
1906
53466
31099
11910
18728
50885
36586
13415
11555
53851
23939
31018
24562
31998
42388
3987
1637
41882
680
22704
35171
21116
40379
60658
42718
1245
42343
12557
31531
17471
4935
20706
54805
30628
14847
20584
24268
15831
55474
55588
32344
17489
7920
21525
50766
28533
15512
54901
35958
17643
10995
24978
10940
32339
49024
23701
8972
58456
29980
17331
22479
50791
43998
11996
44861
30696
43157
52993
26629
58503
6500
45147
7340
48902
58602
1542
2885
5930
39595
26648
20291
26541
26706
12072
16736
25798
11359
41569
50545
6731
50698
28233
53955
38317
6670
32353
1561
293
41862
23683
50562
34285
39539
57146
47865
31594
46195
4824
36498
27673
40630
25199
37081
8239
7591
37467
25103
47294
7641
22393
14713
12354
27521
50338
50508
54020
6637
20600
42287
35693
1430
1228
22741
39720
44257
25937
28292
53344
26462
32555
59536
1048
46997
29038
25861
24681
31066
55135
5220
57706
47456
4716
49186
38445
285
55249
51355
38010
52863
51725
56696
42105
40044
56949
29667
36846
34835
53897
48799
60026
2022
50752
39515
1084
39313
25569
58251
13195
32872
23640
13156
61866
59861
57781
9091
17194
27621
13507
19248
16015
23653
33239
49958
3584
56771
22883
13222
60070
52236
54016
26599
41232
6209
35007
10046
26373
60285
32846
45536
3977
37378
52664
35427
25655
56378
38581
13771
10898
54352
54167
4157
27531
32659
120
43576
16591
17288
41576
6988
35620
39845
53478
46139
54601
26310
43578
58805
11054
55827
41349
61812
8627
28401
6008
40370
57975
57952
35830
12024
56991
6793
46169
16629
19347
47740
39387
39553
12102
59723
48306
47300
30007
44262
27626
48901
59084
42177
6037
7298
16284
56396
22069
49437
611
38556
41136
31482
45862
29695
41123
36507
57889
27032
54923
15610
37192
49827
1029
57688
21038
12069
25347
24207
49261
54762
34553
41740
12991
36015
61259
29792
14075
7670
49579
33068
36658
28416
37358
41935
41833
2769
59434
56250
17352
11885
33512
20160
62271
36036
47292
38236
8641
49855
8248
15668
57662
23797
55131
18625
49679
33618
40948
15048
34962
6424
10455
51526
58267
15272
9553
57002
1238
8621
42944
54886
34362
27351
53430
25698
25358
44126
32602
34569
48278
4646
21698
22054
41870
41497
48375
453
34765
13137
33106
57597
33566
16614
33025
20393
32397
59691
12979
22996
61539
60496
42786
2195
2238
58534
41831
30602
45063
26495
12573
58052
48849
7856
14534
29131
23339
43980
53768
46279
56291
43141
16198
20482
50094
11128
10489
6523
16966
16109
650
50807
3597
880
10043
25118
44283
44112
58203
16483
25781
9462
20518
49193
58339
53674
27486
628
4872
9881
22197
390
22944
59451
19355
6072
28378
57396
7658
142
30328
61178
12195
42890
21103
5960
10199
10374
34318
534
26136
35022
31601
5717
8410
47932
30733
28275
57047
6103
27727
47075
28724
17580
60462
45685
44057
50020
28025
25489
7455
18963
3168
21366
56188
22364
34239
35135
57587
51012
51227
45164
54884
33827
34083
6350
51770
9303
33635
13046
24088
30008
54548
11895
43176
18070
31160
333
5155
16055
31693
10169
2642
39493
13038
53130
59403
49905
365
38971
14612
1789
61850
33108
13090
44268
43431
52585
58920
41584
53738
21644
3729
53363
27427
24404
26831
25058
33245
25814
6837
17871
49368
60735
713
20654
41893
58655
12083
44495
4751
7852
27671
38501
13655
23453
36453
32499
8617
5853
45068
50053
47211
48985
60904
53650
8525
17853
23717
31679
22668
1146
30232
30992
43500
25973
460
34944
32495
26434
18014
3973
17229
30825
47131
13954
49483
6425
35076
19761
52410
12388
10081
48663
39165
54918
40402
45462
56096
32238
42023
9282
56570
18953
1812
61316
49588
7701
21147
53219
53039
27048
48760
37042
10456
36220
50834
26893
55500
23008
8289
9455
32141
3882
25038
44445
19954
41501
43785
45833
33737
33983
26731
27612
60043
8968
27313
24493
6087
14210
48015
5200
44160
34062
41643
23591
61379
250
26450
4402
19505
40336
41194
42129
162
57959
24895
22443
27776
11213
1194
24635
51488
45571
44500
43339
56524
159
53789
21415
27702
59100
1819
24313
61923
48919
52279
2700
6070
57915
16252
2165
12513
6261
49109
36249
50010
30937
21945
10408
59005
28469
41700
6293
25774
27706
42341
39590
39410
23342
32886
53167
51582
12552
53697
40912
7485
49335
835
41116
30620
35843
52351
55767
55221
53202
42962
56547
2306
15932
10716
40303
287
18393
10747
2380
29178
34113
39469
39086
30071
15829
17947
7034
43485
32803
37450
1962
1203
42453
35642
21167
16113
19792
2468
41644
60396
42370
52502
46681
23557
33430
33037
3476
54905
35563
51830
30504
15838
45701
50285
28826
15012
40587
16390
25394
9625
52639
11753
12036
52466
15374
47254
38135
47774
28127
34067
54288
19746
19318
48050
54372
36747
3691
48933
25995
23965
47803
37441
26273
20591
34346
53500
28686
30656
38968
60587
52330
51973
22540
58679
30708
50548
10239
56961
3775
45044
57699
1830
44001
51120
28342
29994
53387
10354
29102
52470
29798
5641
41720
37716
43962
2359
16407
