0.999616414277
0.999360731341
0.999296815718
0.998945316834
0.998625825585
0.998082807738
0.997827321027
0.99766765844
0.997380297978
0.997029135845
0.996741867363
0.996518464937
0.996358907106
0.996167454571
0.996039829769
0.995912213142
0.995688903719
0.995401828395
0.995242359989
0.994987237112
0.994955349052
0.994636496556
0.994190189421
0.993935201448
0.99383958939
0.993743981931
0.993202293199
0.992915576599
0.99262890139
0.992278576789
0.992151201356
0.992087516705
0.99192831402
0.991832798541
0.99180096107
0.99176912411
0.991450782616
0.991132492222
0.990846074558
0.990718791105
0.990591515827
0.990464248726
0.989987069914
0.989732621559
0.989351010348
0.989287415633
0.989001264712
0.988715155183
0.988556223329
0.988460870349
0.988397304251
0.988333740196
0.988238397947
0.987984174433
0.987571130976
0.987221700118
0.986967607421
0.98642777056
0.986173780064
0.986015052611
0.985824596531
0.985697636031
0.985602421021
0.985412004799
0.98538027055
0.985285070871
0.984840866509
0.984396762303
0.984174747759
0.984079606334
0.983952758254
0.983762501465
0.983572263071
0.983128445027
0.983033354191
0.983001658267
0.982969962855
0.982811493458
0.982684727139
0.982526280737
0.98236784711
0.982209426259
0.981892622881
0.981702565382
0.981575870603
0.981259169425
0.981195835322
0.981069173247
0.981005845275
0.980815874136
0.980689236589
0.980499295599
0.980467640556
0.980404332002
0.980341025493
0.980309373005
0.980182768162
0.980056171495
0.980024523606
0.979961229361
0.979834647002
0.979644788794
0.979518226876
0.979423310802
0.979391673133
0.979328399328
0.979201857849
0.978980429935
0.97879065451
0.97866414778
0.978284676645
0.978126585389
0.977936892746
0.977747218499
0.977367925193
0.977146704746
0.976830718971
0.976609559333
0.97648319364
0.976388424735
0.976262073349
0.976104145614
0.975883068248
0.975756749566
0.975598862712
0.975440988633
0.975219986383
0.974999009173
0.974525570896
0.974462454479
0.974430897037
0.974273117493
0.974178455899
0.97389449871
0.973768308801
0.973232092901
0.973169018387
0.973137481896
0.97304287549
0.972790614224
0.972664495855
0.972601439737
0.972569912444
0.972538385662
0.972286189805
0.972223145951
0.972128584002
0.972065545257
0.972002508557
0.971466779131
0.970962698106
0.970805199613
0.970679210016
0.970490240952
0.970301290284
0.970017898774
0.969797511771
0.969514193846
0.969356812883
0.969293864075
0.969199444696
0.969073559344
0.968916214152
0.968790347196
0.968570099697
0.968349877237
0.96819259081
0.968066770866
0.967720808179
0.967595018895
0.96753212732
0.967374907323
0.967312022901
0.96718626019
0.967029068298
0.966966195118
0.966871889181
0.966746155086
0.966431856129
0.966211876906
0.965991922722
0.965834827921
0.96545785252
0.965332210405
0.965300801154
0.965237984184
0.965143762563
0.965018140888
0.964829723706
0.964735522013
0.96467272344
0.964484339984
0.964358761233
0.964233190658
0.964201799292
0.964139018093
0.96410762826
0.964076238938
0.964013461826
0.963825142757
0.963605460426
0.96351131852
0.963417181214
0.963260295924
0.963166170881
0.963103423408
0.963072050438
0.963009306031
0.962977934594
0.962632882512
0.962350613163
0.962005673502
0.961817550657
0.96175484713
0.961723496133
0.961629446208
0.961535400882
0.961378668892
0.961253292498
0.961096583503
0.960971225506
0.960845875684
0.960814539506
0.960595203635
0.960563871545
0.960469878341
0.960375889736
0.960344561223
0.960281905731
0.960156600877
0.959968658927
0.959937337057
0.959749416569
0.959718098276
0.959404943452
0.95931100697
0.959279695831
0.959217075086
0.95918576548
0.959154456386
0.959060532167
0.959029225116
0.958778787617
0.958434488752
0.95812154344
0.957871223982
0.957714790928
0.957620937228
0.957433243624
0.957308124776
0.957151737712
0.957057911606
0.956807731652
0.956588850572
0.95655758389
0.956432522274
0.956057386991
0.955932358079
0.955807337342
0.955776083436
0.955651072919
0.955557320398
0.955463572475
0.955401076415
0.955369829151
0.955307336157
0.955182356301
0.95505738462
0.95486994243
0.954838703854
0.954807465788
0.95474499119
0.954682518636
0.954588813637
0.95455757966
0.954463880793
0.954401417437
0.95424526799
0.954026680225
0.953964231177
0.95393300742
0.9538081175
0.953652016598
0.953527145074
0.953464712378
0.953339853629
0.953308640092
0.953183791052
0.953152580069
0.952965324906
0.95284049835
0.952653273847
0.95243486851
0.952278880028
0.952185293071
0.952029325029
0.951873369762
0.951436762979
0.95131203658
0.951249676446
0.951218497146
0.951187318356
0.951124962311
0.950969081139
0.950875558568
0.9508443854
0.950688527224
0.950470347239
0.950439180714
0.950345684204
0.950221029345
0.950127543566
0.949971744155
0.949940585806
0.94987827064
0.949753646442
0.949722491669
0.949597877691
0.949566725473
0.949255231407
0.949130648088
0.948974930437
0.948819225561
0.948694670859
0.948538988978
0.948507854135
0.948414452672
0.948227663542
0.948196533809
0.948134275876
0.948040892808
0.947916389206
0.9477607712
0.947729649132
0.947480690984
0.947449573515
0.947356224174
0.947200652158
0.947076203744
0.946920654724
0.946796224706
0.946671802864
0.946360784029
0.946236390803
0.946143101249
0.945956535938
0.945832169285
0.945801078899
0.945769989024
0.945645634634
0.945459118379
0.94533478443
0.94530370222
0.945086141058
0.944930755559
0.944899679992
0.944868604936
0.944651093853
0.944588952428
0.944464675711
0.944278275964
0.94418508299
0.944154019687
0.943998710838
0.943874472957
0.943750243251
0.943594967617
0.943439704758
0.943284454674
0.943129217365
0.943098171437
0.943067126019
0.942942949458
0.942787740254
0.942694620864
0.942663582089
0.942601506073
0.942570468831
0.942415290287
0.942322189293
0.942229092898
0.942198061788
0.942136001102
0.942073942459
0.941918804796
0.941763679907
0.941577546904
0.941453468456
0.941329398183
0.941236350844
0.941205336086
0.941081282166
0.940926226263
0.940833198853
0.940802190738
0.940771183134
0.940616152781
0.940585148244
0.940492137697
0.940430133221
0.940337130339
0.9403061304
0.940182135756
0.940089145138
0.9399031777
0.939872184915
0.939841192642
0.939748218887
0.939686238939
0.939562285175
0.939407354467
0.939376369859
0.939314402175
0.939128511386
0.939066551878
0.938973616449
0.938911662051
0.938849709697
0.938663864899
0.938539978587
0.938354164449
0.938199333387
0.938137404539
0.9380445151
0.937889709588
0.937765874376
0.93764204734
0.937518228481
0.937456322117
0.937270615289
0.937177768774
0.937146820958
0.936930200551
0.936806428704
0.936651725392
0.936497034855
0.936373291624
0.936311423074
0.936094899247
0.936063969316
0.936033039895
0.935940254701
0.935754698108
0.935723773798
0.935600081666
0.935569159911
0.935507317934
0.935476397711
0.935352721932
0.935259970463
0.935167223594
0.935074481323
0.934889010578
0.934858100576
0.934827191085
0.934641744869
0.934456317048
0.934363610037
0.934116413823
0.934023723675
0.933992827981
0.933900143964
0.933776572429
0.933622119509
0.933591230458
0.933529453888
0.933251484621
0.933097075135
0.933004435576
0.932911800616
0.932880923318
0.932788294489
0.932726544492
0.93269567026
0.932633923329
0.932510435599
0.932417825166
0.932232618099
0.932201752043
0.932170886498
0.931954841991
0.931893119588
0.931738822522
0.931615394068
0.931553682907
0.931399413947
0.931306858703
0.931276007977
0.931121762012
0.931090914352
0.930998374438
0.930967528822
0.930782465858
0.930751623819
0.930628260773
0.930504905903
0.930474068463
0.930196554499
0.930073228245
0.930042397959
0.929795774068
0.929610827612
0.929518361282
0.929425899551
0.929395079996
0.929302624398
0.929271806887
0.929240989887
0.929210173398
0.92917935742
0.929086912553
0.928932847994
0.92884041539
0.928747987386
0.928717179073
0.928563145174
0.92840912405
0.928316717507
0.928285916348
0.928255115701
0.928101120127
0.928070322545
0.928008728914
0.927885547785
0.92785475378
0.927700791422
0.927577630733
0.9273621192
0.927331333883
0.92726976478
0.927208197722
0.927115850967
0.92702350881
0.926961949928
0.926777285545
0.926623412611
0.926592639558
0.926531094983
0.926438781954
0.926408011967
0.92631570507
0.926131105073
0.925885000359
0.92585423957
0.925700443287
0.925669685563
0.925608171649
0.925546659779
0.92551590461
0.925485149952
0.925300632738
0.925177631481
0.925116133919
0.924993144927
0.924900908548
0.924870164111
0.924777933864
0.924654967356
0.924624227006
0.924501270718
0.924470532923
0.924409058867
0.924347586855
0.924224648963
0.924163183083
0.924070988095
0.923917340003
0.923732979155
0.923610082143
0.923548636703
0.923487193307
0.923425751955
0.923302875383
0.92321072332
0.923149291166
0.923057146767
0.922995719723
0.922934294724
0.922750031988
0.922688615164
0.922596493761
0.922473672377
0.922289455632
0.922043861921
0.921859688099
0.921675532674
0.92161415162
0.92158346186
0.921460707929
0.921337962173
0.921276592362
0.921092495191
0.920908416416
0.920755031489
0.920601659338
0.920509642179
0.920478970815
0.920356290468
0.920233618297
0.92008028958
0.919988298483
0.919926973639
0.919834990206
0.919589723537
0.919436448475
0.919405794996
0.919313837625
0.919283186189
0.919252535265
0.919221884852
0.919129936678
0.919068640451
0.919037993104
0.918731547737
0.918639624092
0.918578344216
0.918394516854
0.918333245155
0.918302610072
0.918118810304
0.918088178798
0.917965657884
0.917781891842
0.917598144197
0.917536899069
0.917445035211
0.917322557221
0.917291939001
0.917169471231
0.917047011636
0.917016398015
0.916955172306
0.916802116976
0.916649074421
0.916587860976
0.916404232905
0.916312425768
0.916128825291
0.915914647985
0.915884053271
0.915853459068
0.915700495718
0.915669904581
0.915425193881
0.915302850796
0.915180515886
0.915088770069
0.914721832792
0.914691258007
0.914660683734
0.914599536719
0.914507820029
0.914446678124
0.914324400447
0.914202130945
0.913835371497
0.913529794834
0.913377025665
0.913315921574
0.913285370295
0.913224269271
0.913132621566
0.913040978461
0.912949339955
0.912888250172
0.912766076739
0.912735534658
0.912613371445
0.912399605496
0.912307999183
0.912155332214
0.912124800353
0.912033207837
0.911911091636
0.911819509851
0.911758457883
0.911636360078
0.911575314242
0.911422708593
0.911331151336
0.911209082148
0.911056507159
0.910995480741
0.910903944946
0.91069037931
0.910537847757
0.910324325044
0.910293823844
0.910141325506
0.910019336033
0.909958344363
0.909836367155
0.909653416673
0.90956194833
0.909439997694
0.909226603754
0.909196120949
0.909074194841
0.909043714592
0.908921798704
0.908891321009
0.908769415341
0.908677991456
0.908586572169
0.908434216912
0.90834280989
0.908220941014
0.908160009642
0.90803815303
0.908007690154
0.90797722779
0.907855383442
0.907764005547
0.907581263553
0.907398539956
0.907276734444
0.907154937109
0.907124489052
0.906972256435
0.906789594158
0.906546073071
0.906424324792
0.906393889
0.906302584689
0.906119990375
0.906059129521
0.905967842073
0.905906986329
0.905785280974
0.905694007323
0.905633160778
0.905541894792
0.90532895871
0.905298541314
0.905116047667
0.904963983681
0.904933572417
0.90481193247
0.904690300699
0.904659894034
0.904629487879
0.904507868372
0.904477464773
0.904447061685
0.904234254376
0.904143058908
0.904051868039
0.903991076682
0.903808714874
0.903656760753
0.903504819407
0.903413660732
0.903352890837
0.903231357178
0.903200975041
0.903079451603
0.902927558802
0.902836429254
0.902745304304
0.902684556893
0.902532697308
0.902411218838
0.902350482668
0.902259382247
0.902107558432
0.902077195202
0.902016470275
0.901986108578
0.901925386717
0.9018646669
0.901834307758
0.901803949126
0.901773591006
0.901682519712
0.901530744442
0.901318280526
0.901287930582
0.901166535916
0.901136188527
0.901045149426
0.900832742742
0.900711378737
0.900681039013
0.9006506998
0.9004990114
0.900438339617
0.900286669102
0.900226004474
0.900074351844
0.900044022851
0.899953038938
0.899922711989
0.899862059625
0.899831734209
0.899740761027
0.899589149278
0.89949818836
0.89937691429
0.899316280322
0.899225333201
0.899195018516
0.899164704342
0.899013141138
0.898831282156
0.898740359564
0.898528224733
0.898407016072
0.898376715184
0.898346414807
0.898285815586
0.89822521841
0.898073734411
0.89795255641
0.897801095406
0.897619359064
0.897498211723
0.897407356583
0.897377072558
0.8972256601
0.897195379141
0.897165098693
0.896953149867
0.896862322321
0.896650410798
0.89658986881
0.896347721297
0.89613586905
0.896014821865
0.895954301339
0.895772752024
0.895560967741
0.895500462545
0.895470210713
0.895288710455
0.895167720502
0.895076983404
0.894925765126
0.894804799701
0.894714080999
0.894623366895
0.89453265739
0.894502421911
0.894441952485
0.894411718538
0.89423032559
0.894109407178
0.893988496942
0.893837370644
0.893807146918
0.89362581529
0.893504937758
0.893293421751
0.893232993205
0.893112142245
0.893021509391
0.892900672739
0.892810050616
0.892749638422
0.892659023964
0.89253821184
0.892508010087
0.892447608113
0.892357008985
0.892266414455
0.892206020658
0.892115433793
0.892055045106
0.891994658462
0.891843700795
0.891783321305
0.89172294386
0.891662568458
0.8916021951
0.891511638896
0.89136072211
0.891209818098
0.89114946007
0.891119281823
0.891028750147
0.8909080484
0.890877874241
0.890817527455
0.890787354829
0.890727011109
0.890455489666
0.890334826755
0.890274498365
0.890184009613
0.890063365098
0.889912570952
0.88970148061
0.889520565959
0.889460265164
0.889309522118
0.889188936879
0.889128647326
0.888977932385
0.888827230219
0.888676540828
0.888555998514
0.888495730422
0.888465597143
0.888345069137
0.888254678497
0.888224549306
0.888073911016
0.887983534173
0.887802794286
0.887622072794
0.887441369699
0.887411254305
0.887320911189
0.887290797839
0.887140238753
0.886959584714
0.886899370789
0.886778949071
0.886718741278
0.886688638148
0.886598331824
0.886538130163
0.886508030099
0.886357537444
0.886207057564
0.886176963121
0.886146869189
0.886056590459
0.886026498571
0.885936225973
0.885906136129
0.885785781863
0.885665435774
0.885515014659
0.885304446561
0.885214210755
0.885154056106
0.885123979548
0.884943530932
0.884913457951
0.884853313522
0.884823242074
0.8846728925
0.884582688887
0.884492489873
0.884402295459
0.884342168404
0.884221920427
0.884101680625
0.88401150614
0.883951392371
0.883891280647
0.883801116892
0.883590752683
0.883350367105
0.883320321207
0.88323018658
0.883110014231
0.882929771037
0.882899732293
0.882869694061
0.88274954624
0.882659440739
0.882569339838
0.882509275126
0.882449212457
0.88241918189
0.882329093252
0.881968784694
0.881788658009
0.88160854972
0.881458473531
0.88136843395
0.881338421779
0.88115835948
0.881098342802
0.881008321617
0.880888300524
0.880828293044
0.88079829007
0.880588283563
0.880438294245
0.880408297915
0.880198337909
0.880108362714
0.879988402942
0.879958414276
0.879928426121
0.879748507925
0.879538626613
0.879478665123
0.879448685145
0.879268816005
0.879148913465
0.879058991925
0.879029019101
0.878999046787
0.878909132913
0.878879162643
0.878729318961
0.878669385065
0.878579488054
0.878399707828
0.878369746245
0.878309824613
0.878279864564
0.878160029476
0.878100114998
0.878070158526
0.877950337746
0.877860477527
0.877740671055
0.877590924463
0.877471136388
0.877441190646
0.877381300697
0.877351356488
0.877261526929
0.877201643111
0.87705194251
0.876902254683
0.87687231865
0.876782513619
0.876572986432
0.876453267853
0.876303631126
0.876213855222
0.876094161171
0.875944555105
0.875884716255
0.87570521197
0.875675296378
0.875645381297
0.875525726082
0.875435990036
0.875406079043
0.875346258589
0.875316349129
0.875226623814
0.875166809493
0.875106997215
0.874927572647
0.874778066226
0.874748166475
0.874688368505
0.874658470287
0.874449197068
0.874389409319
0.874269839952
0.874180168292
0.874060613234
0.87400083877
0.873941066351
0.873851411555
0.873761761357
0.873642234915
0.873522716648
0.873492838359
0.873433083314
0.873403206558
0.873373330313
0.873313579355
0.873194083573
0.873104467102
0.872984985627
0.872865512329
0.872805778746
0.872746047207
0.872537002916
0.872417560278
0.872298125816
0.872208555335
0.872148844236
0.87202942817
0.871880169585
0.871701076146
0.871671229028
0.87158169074
0.871372785953
0.871342944456
0.87131310347
0.871193744636
0.871074393978
0.87098488635
0.870865550001
0.870597073107
0.870507590008
0.870447937163
0.870149703599
0.870090063018
0.86991115354
0.869791891285
0.869762076871
0.869732262969
0.869523579957
0.869374535992
0.869195700098
0.869165895905
0.86910628905
0.868957280856
0.86892748075
0.868778487886
0.868569919339
0.868540125876
0.868510332924
0.868450748553
0.868420957135
0.868391166227
0.868272007706
0.868212431511
0.868093285254
0.867974147173
0.867884798978
0.867855017268
0.867616781987
0.867527452187
0.867319033875
0.867170178981
0.867080872177
0.866991569972
0.866872507519
0.866723690951
0.866634407142
0.866604646894
0.866396339469
0.866366583309
0.866336827661
0.866307072523
0.866217810176
0.866069049818
0.86603929928
0.86595005073
0.865920302235
0.865860806779
0.865831059817
0.865682332674
0.865563360158
0.865384916714
0.86529570189
0.865176755946
0.865087551853
0.864968620217
0.864760509527
0.864701053929
0.864641600375
0.864522699399
0.864403806599
0.864195763873
0.864076893557
0.863987746185
0.863898603413
0.863720331665
0.863690621496
0.863542078314
0.863423252966
0.863245030274
0.863155925827
0.863007428635
0.86297773073
0.862799554028
0.862740165883
0.862680779781
0.862562013709
0.862472944521
0.862265134301
0.862176080443
0.862116713759
0.862087031184
0.861938625972
0.861760558114
0.861730881671
0.861701205738
0.861641855407
0.86149348852
0.86140447452
0.86131546512
0.861285796341
0.861167126338
0.861048464511
0.860900148725
0.860870487101
0.860840825987
0.860662870039
0.860633212503
0.860573898963
0.860455278016
0.860366317672
0.860277361926
0.86012911257
0.860069816404
0.859891940172
0.859803008955
0.859714082336
0.859506604778
0.8593287868
0.859269518229
0.859180619204
0.859150987218
0.859121355743
0.858973206033
0.858854695462
0.858736193068
0.858676944936
0.858588076572
0.858499212807
0.858439972852
0.858321499073
0.858291881906
0.858173418348
0.858054962966
0.858025350398
0.857906905235
0.857818076729
0.85775886028
0.857699645875
0.857670039439
0.857551618805
0.857433206347
0.85740360451
0.857374003184
0.85725560299
0.857137210972
0.857078018029
0.856959638275
0.856870858825
0.85681167508
0.856782083974
0.85666372466
0.856604548069
0.856515787015
0.85642703056
0.856249531448
0.85616078879
0.856101629573
0.856072050731
0.855924164187
0.855835438392
0.855746717196
0.855658000599
0.855539718958
0.855451013092
0.855362311826
0.855303180203
0.855184923089
0.855125797599
0.85509623562
0.854977992814
0.854948433391
0.854859758185
0.854741531732
0.854682421571
0.854652867257
0.854623313454
0.854564207382
0.854505103353
0.854475552105
0.854386901428
0.854327803531
0.854239160519
0.854061888291
0.854002801637
0.853914175487
0.853884634459
0.853766475458
0.853736936986
0.853589252287
0.853530181984
0.853441580363
0.853352983341
0.853205331857
0.853116747099
0.852998641242
0.852851020419
0.852732932958
0.85270341237
0.852644372728
0.852496782564
0.852408234598
0.852201640563
0.852172129173
0.852142618294
0.85208359807
0.851965563754
0.851847537613
0.851729519648
0.85161150986
0.851552508032
0.851523007884
0.851493508248
0.851405012404
0.85134601773
0.851287025099
0.851169045971
0.851021583558
0.85078567027
0.850726697057
0.850638241072
0.85057927297
0.850549789685
0.850372900709
0.850225507281
0.850048652542
0.84990128722
0.849753934672
0.849636061832
0.8496065949
0.849370877836
0.849341415503
0.849223571279
0.8491941115
0.849105735231
0.849076277497
0.848840637083
0.848811183948
0.848693376516
0.848634475866
0.84857557726
0.848546128724
0.848369448237
0.848192786145
0.848075021638
0.847957265306
0.847927827501
0.84781008139
0.847780646139
0.847721777171
0.847633477552
0.847574613695
0.847456892111
0.847398034386
0.84730975163
0.847192048443
0.847015508992
0.846897826245
0.846868406835
0.846721317454
0.846633069957
0.846574240848
0.846515413782
0.84645658876
0.846368355061
0.84628012596
0.846191901458
0.845897853001
0.845692049485
0.845574458719
0.845456876128
0.845309909387
0.845162955421
0.845104177412
0.845074789174
0.845045401446
0.844986627525
0.844839701664
0.844663407494
0.844487131721
0.844340249295
0.844164007247
0.844075893122
0.843958414776
0.843929046467
0.843870311382
0.843840944605
0.843723482611
0.843576666616
0.843517943795
0.843429863396
0.843312430017
0.84328307295
0.843224360349
0.843106941279
0.843077587789
0.842989530385
0.842872127667
0.842754733125
0.84269603892
0.842519968569
0.842402598555
0.842373257329
0.842285236717
0.842138545917
0.84193320026
0.84178654012
0.841669221206
0.841493258166
0.841375959692
0.841258669394
0.84111206802
0.840936163234
0.840906847558
0.840760276843
0.840701652135
0.840672340547
0.840584408849
0.840496481751
0.84046717374
0.840349946807
0.840203424637
0.840056915243
0.839969015739
0.839910418624
0.839793230527
0.839734639544
0.839588171031
0.839558878861
0.839529587202
0.839324559899
0.839236698719
0.839178127155
0.839090273641
0.839060990158
0.838914580409
0.838826740692
0.838738905574
0.838680351383
0.838563249134
0.838475427813
0.838416882821
0.838329069165
0.838241260108
0.838007125106
0.83789006987
0.837860807338
0.837831545317
0.837655983924
0.837568210126
0.837421930683
0.837304916327
0.837217160925
0.837129410122
0.837100160876
0.837070912142
0.836924676134
0.836895430465
0.836866185308
0.836632242443
0.836603001884
0.836515283275
0.836398332282
0.836193687719
0.836105990572
0.835989068196
0.835959838879
0.835813699962
0.835696798025
0.835638350123
0.835609126939
0.835550682103
0.835433798563
0.835404578955
0.835287705636
0.835200056011
0.835083196999
0.835024770559
0.834907923811
0.834878713402
0.834849503503
0.83479108524
0.834645048522
0.834528228347
0.83444061858
0.834353013413
0.834265412845
0.834207015021
0.834148619241
0.834061029404
0.834002638734
0.833885863527
0.833856671002
0.833769096495
0.833710716045
0.833623149203
0.833477214686
0.833418844457
0.833360476271
0.833214564749
0.833127023968
0.833010310081
0.83289360437
0.832806080452
0.832601876373
0.832485199278
0.832456031281
0.832426863796
0.832310198965
0.83219354231
0.832135217048
0.832047732988
0.832018572657
0.831989412837
0.831872778666
0.831756152671
0.83172699745
0.83166868854
0.831610381675
0.831435473342
0.831377174653
0.831260583406
0.831173145337
0.831056568398
0.830969141059
0.830910858722
0.830794300179
0.830765161821
0.830677749813
0.830619477695
0.830590342403
0.830473806345
0.830386409666
0.830182501968
0.830153374341
0.830065994526
0.83000774387
0.829949495259
0.829862126175
0.829716521254
0.829629164434
0.829570929109
0.829483579954
0.829367121567
0.829221560593
0.829105120603
0.829017795976
0.828988688789
0.828959582113
0.828901370294
0.8287267471
0.828639442402
0.828581241825
0.828523043292
0.828493944792
0.828348459957
0.828261175188
0.82814480265
0.828028438288
0.827970259173
0.827941170382
0.827912082102
0.827766648368
0.827679394259
0.827592144749
0.827563062601
0.827446739119
0.827301346265
0.827214116684
0.827126891702
0.827068744269
0.827039671319
0.82692338463
0.826748969925
0.826661769472
0.826429257413
0.826313013647
0.826080550645
0.825906224855
0.825819068858
0.825673819084
0.825557628463
0.825412401684
0.825383357861
0.82526718768
0.825121986451
0.825034871846
0.824889691057
0.824773555624
0.824599367804
0.824483252811
0.824280071247
0.824193001099
0.824134956889
0.82410593555
0.823960836522
0.823931818249
0.823902800487
0.823815750268
0.82367067679
0.823612650976
0.823496605479
0.823351560106
0.823148518045
0.823032505253
0.823003503332
0.822916500636
0.82288750076
0.822829502539
0.822713512231
0.822655520143
0.822510548865
0.822365590362
0.822133690994
0.821988765707
0.821959782182
0.821843853194
0.821698953456
0.821583042864
0.821554066493
0.821438166121
0.821409192306
0.821351246208
0.821322273925
0.821090514061
0.821061546378
0.820887751008
0.820742935586
0.820713974034
0.820685012994
0.820656052464
0.820540215456
0.820366475275
0.820250658707
0.820221705843
0.820105899495
0.819932205303
0.819787474196
0.819613813731
0.819584872109
0.819411233105
0.81938229506
0.819353357526
0.819150809093
0.819121875647
0.819006146971
0.818890426472
0.818803641463
0.818687935272
0.818601160994
0.818427626235
0.818340865754
0.818254109872
0.818051697366
0.817907132335
0.817878220862
0.817791489508
0.817618040597
0.817560228382
0.817444610083
0.817415706786
0.81732899996
0.817271197965
0.817126701918
0.816982218647
0.816895534817
0.816866641229
0.81677996353
0.816693290431
0.816577733452
0.816548845485
0.816491071083
0.816404413314
0.816375528413
0.816346644023
0.816202229737
0.816115587297
0.815971193452
0.815855687573
0.815826812381
0.815624700344
0.815566958647
0.815422613347
0.815278280821
0.815105098654
0.815076236748
0.814960794233
0.814845359895
0.814758789507
0.814672223718
0.81455680982
0.814441404098
0.814268310845
0.814152925563
0.81412408052
0.81397986297
0.813922179527
0.813806818773
0.813691466195
0.813662629328
0.813518452658
0.813374288763
0.813316626783
0.813201308953
0.813085999299
0.812999522424
0.812970697821
0.812797760935
0.812682479897
0.812567207036
0.81245194235
0.812394313073
0.812192626701
0.812077388588
0.811990965368
0.811904546748
0.811731723304
0.811702921185
0.811616517895
0.811530119203
0.811414928102
0.811386131604
0.811213363348
0.811040613489
0.810896669325
0.810810308958
0.810666385235
0.810522474286
0.810407354725
0.810177140131
0.810062045098
0.809975729189
0.809803111168
0.809745575916
0.809688042707
0.80954421914
0.809429169586
0.809314127697
0.809256609819
0.809141580195
0.808997804661
0.808911545473
0.808796540377
0.808394109921
0.808279141616
0.808192920753
0.80810670449
0.808020492825
0.807848083804
0.80781935067
0.807790618048
0.807675692667
0.807560775463
0.807417140456
0.807330965583
0.807244795309
0.807216072907
0.807129908765
0.806986312083
0.806928876987
0.806842728176
0.806756583963
0.806613020496
0.80649817892
0.806440761198
0.806354638448
0.806325931886
0.806239815268
0.806096297791
0.805952793089
0.805837998525
0.805809301161
0.805751907968
0.805694516818
0.805608433926
0.805551047886
0.80549366389
0.805464972659
0.805378902031
0.805264148347
0.805206774571
0.80517808845
0.805092033152
0.805005982453
0.804919936353
0.804862574841
0.804776536406
0.804575797943
0.804518448695
0.804346413216
0.804317742425
0.804260402375
0.804231733117
0.80420306437
0.804145728408
0.804088394491
0.803916405002
0.80385907926
0.8036871143
0.803572481213
0.803457856302
0.803400546912
0.803314586661
0.803171329794
0.803085381807
0.802999438418
0.802827565438
0.802770278533
0.802712993671
0.80259843008
0.80256979046
0.802483874666
0.802340691895
0.802312056874
0.802283422364
0.802197521899
0.8020829951
0.801968476478
0.801825339697
0.801739463761
0.801682215692
0.80159634742
0.801453243855
0.801424624675
0.801367387848
0.801281536439
0.801224304722
0.80119568963
0.801138460979
0.800995398293
0.800909566814
0.800737917653
0.800566286888
0.800480478404
0.800451876598
0.800366074245
0.800251678263
0.800165886642
0.800051504968
0.799994317197
0.799908539373
0.799879947787
0.799765586553
0.799679820994
0.799536888614
0.799451135318
0.799279642523
0.799108168124
0.798965286845
0.798879564209
0.79873670337
0.798650992998
0.798565287225
0.798479586051
0.798393889477
0.798279634531
0.798165387762
0.798108267443
0.797994032938
0.797908362424
0.797879806608
0.797794142227
0.797708482444
0.797594276555
0.797480078842
0.797337343198
0.797166077288
0.797108992739
0.797080451231
0.796994829774
0.796909212916
0.796766528372
0.796680923778
0.796595323782
0.796538259674
0.796481197609
0.796424137589
0.796338551391
0.796252969791
0.796195917947
0.796053297278
0.795967731009
0.795939209942
0.795853649804
0.795825130781
0.795796612268
0.795654027881
0.795625512434
0.79553996916
0.795511455757
0.795340386072
0.795311876246
0.795112321775
0.795026806095
0.79499830189
0.794941295014
0.794884290182
0.794827287394
0.794741787044
0.794656291293
0.794513808595
0.794428325108
0.79431435428
0.794200391627
0.794114925003
0.793944005553
0.793858552726
0.79368766087
0.793659180683
0.793630701006
0.79340288199
0.793260511712
0.793175095678
0.79303274584
0.792890408778
0.79283347753
0.792776548326
0.792634234258
0.792491932966
0.792349644449
0.792292732619
0.792093557311
0.792065105739
0.791979754091
0.791809064592
0.791609950093
0.791524622973
0.791410860633
0.791297106469
0.791240232454
0.791098056357
0.791012756831
0.790984324677
0.790813742488
0.790756885847
0.790671604717
0.79052947972
0.790387367499
0.790358946587
0.790131597693
0.790103181381
0.790046350289
0.789961107484
0.789790635671
0.789620182255
0.789591775141
0.789449747234
0.789250929628
0.789222529157
0.789137330809
0.78905213706
0.78888176336
0.788853369532
0.788683017294
0.788512683452
0.788399137777
0.788285600278
0.788172070956
0.7880301708
0.788001792302
0.787916659873
0.787746408814
0.787718035425
0.78757617615
0.787434329649
0.787320861647
0.787292495924
0.787207401821
0.787065588535
0.786923788025
0.786895429456
0.786753644276
0.786640225329
0.786555166485
0.786441761847
0.786356713734
0.78627167022
0.78612994125
0.786073253239
0.785874861297
0.785676494394
0.78556315312
0.78539315654
0.785223178355
0.785138196161
0.785024893723
0.784883277174
0.784798313376
0.784656717267
0.784515133932
0.784458504175
0.784345250794
0.784316938726
0.784203695565
0.784175386052
0.784033846152
0.784005539706
0.783920623431
0.783864015136
0.783835711755
0.783609303105
0.783552706052
0.783439518079
0.783411222363
0.783354632465
0.783269751449
0.78312829331
0.783015135997
0.782930273378
0.782845415357
0.782703995544
0.782619149787
0.78253430863
0.782364640113
0.782308088028
0.782223263734
0.782053628943
0.781968818446
0.781940549302
0.781799211248
0.781544834945
0.781403532662
0.781318757424
0.781290500033
0.781262243154
0.78112096642
0.781007954232
0.780951451204
0.780753706701
0.780612475958
0.780527743644
0.780358292814
0.780188860379
0.780160623429
0.780019446341
0.77982181988
0.77973713049
0.779595991728
0.779511314602
0.779398418922
0.779341974148
0.779313752527
0.779229090732
0.779200871155
0.779116215492
0.779087997959
0.779003348428
0.778946917962
0.778918703495
0.778834063162
0.778664796292
0.778636586936
0.77860837809
0.778580169756
0.77841093048
0.778326317741
0.778157106059
0.778100706253
0.778016110377
0.77787512747
0.777846932422
0.777762350342
0.777705964844
0.777649581391
0.777395881654
0.777339509443
0.777198587856
0.777001319096
0.77686042817
0.776747725137
0.776606857206
0.77655051361
0.776381495087
0.776268826292
0.776240660371
0.776099838429
0.776015351396
0.775959029263
0.775790075126
0.775705604956
0.77556483156
0.775452222041
0.77531147164
0.775170734014
0.775030009163
0.774889297087
0.774720459459
0.774636047543
0.77460791126
0.774579775488
0.774439104292
0.774382839391
0.77427031572
0.774214056951
0.77412967263
0.77407341897
0.774017167355
0.773904670257
0.773848424773
0.773820302798
0.773679700588
0.773567228017
0.773454763623
0.773370420693
0.773201748629
0.772976881161
0.772892564292
0.772808252021
0.77272394435
0.772667741791
0.772527244336
0.772471048931
0.772386759656
0.77227438111
0.77216201074
0.772105828621
0.772021559275
0.771937294528
0.77185303438
0.771796863503
0.771768778831
0.771516039779
0.771459881166
0.771207193213
0.771094900516
0.771038757233
0.770954546141
0.770870339648
0.770758071479
0.770617748275
0.770477437336
0.770281023483
0.770252966405
0.770168798237
0.770056581679
0.76991632184
0.769832172068
0.769776074776
0.769635840487
0.769579750348
0.769551706045
0.769411492196
0.769299330315
0.76921521427
0.769159139461
0.769103066697
0.769046995976
0.768962893728
0.768878796078
0.768822733534
0.768710614577
0.768626530725
0.768598503796
0.768514426076
0.768458376817
0.768290244372
0.768150145499
0.7680100594
0.767869986077
0.767785948215
0.767645895331
0.767505855223
0.76736582789
0.767309820533
0.767225813331
0.767141810728
0.767085811548
0.76697381932
0.766861835267
0.766833840532
0.766805846307
0.766693874519
0.766609901043
0.766581910906
0.766413980818
0.766330022672
0.766190102649
0.766134138217
0.766078175829
0.765910300929
0.765826370377
0.765798394549
0.765630550308
0.765574606316
0.765490694161
0.765378818441
0.765350850788
0.765211020191
0.765155091529
0.765071202368
0.764959357309
0.764847520425
0.764791605049
0.764707735817
0.764567963985
0.764456155717
0.764260510922
0.764092835313
0.764036947531
0.763981061793
0.763925178099
0.76386929645
0.763701663764
0.763645790291
0.763561983912
0.763534049475
0.763422316836
0.763338522722
0.763254733207
0.763170948291
0.763059242223
0.762891698452
0.762835854617
0.762807933465
0.762724173077
0.762640417288
0.762584582651
0.762556666099
0.762500834527
0.762389177516
0.762333352076
0.762305440123
0.762249617749
0.76219379742
0.762165888022
0.762082162893
0.761970536542
0.761886822144
0.761747308368
0.761691506434
0.761607807367
0.761579908699
0.761440423028
0.761356737758
0.761328843689
0.761245164551
0.761161490011
0.76110570954
0.761049931112
0.760882608094
0.760743186299
0.760687421157
0.760548017246
0.760520137997
0.760492259259
0.760408626111
0.760241373611
0.760129882164
0.760046268945
0.760018398894
0.759879056303
0.759739726488
0.759628271834
0.759572547572
0.759488965013
0.759461105182
0.759405387053
0.759377528755
0.759210389698
0.759182534977
0.759098973879
0.758959715604
0.758820470104
0.758625547866
0.758542017429
0.758486333026
0.758374970352
0.758347130961
0.758319292081
0.758263615854
0.758235778507
0.758152269532
0.758096599437
0.757985265379
0.757929601416
0.757790450452
0.757706966005
0.757623486157
0.75756783548
0.757484363297
0.75742871773
0.757289612756
0.757261793294
0.757206155903
0.757122703649
0.75698362678
0.75690018679
0.756844562686
0.756705511877
0.756677703146
0.756510861492
0.756455251695
0.756371840833
0.756316236146
0.756205032905
0.75614943435
0.756038243373
0.755954855506
0.755843678836
0.755732510343
0.755537985154
0.75539905392
0.755371269206
0.755343485003
0.755260135461
0.755093450173
0.755010114428
0.754926783282
0.754843456735
0.754732361826
0.75464904601
0.754565734792
0.754454660324
0.754399126155
0.754315828735
0.754204772662
0.754038203883
0.753954926392
0.7538716535
0.753816140794
0.753788385207
0.753732875567
0.753677367971
0.753621862418
0.75356635891
0.75348310748
0.753399860649
0.753344365317
0.753316618417
0.753233380785
0.753094661617
0.75298369548
0.752817261606
0.752761787735
0.752734051567
0.752678580763
0.752595378389
0.752484449045
0.752428987439
0.752373527877
0.752318070358
0.752234887914
0.752151710068
0.752040813428
0.751902204125
0.751735889825
0.751597308628
0.751486452868
0.751292480072
0.751098527204
0.750932301819
0.750876897445
0.750682998233
0.750433736038
0.750239894058
0.750046077117
0.74987996824
0.749852285216
0.749658518353
0.749603160992
0.749520128782
0.749437101171
0.749409426322
0.749132706455
0.749105037228
0.748939032595
0.748690060138
0.748524101496
0.74833050633
0.748192239399
0.748109285372
0.748081635052
0.747943391116
0.747777515255
0.747666941568
0.747528735957
0.74747345729
0.747418180667
0.747390543121
0.747307633552
0.747114195775
0.746976041264
0.746948411895
0.746920783037
0.746810272714
0.746699770567
0.746616899323
0.746561654382
0.746506411485
0.746368313184
0.74623022817
0.746064542402
0.746009317901
0.74589887503
0.745816048243
0.745705619681
0.745650408466
0.745484787085
0.74537438305
0.745236389505
0.74515359951
0.745126003867
0.74496044074
0.744877666075
0.74482248552
0.74473971852
0.744712130542
0.744574198317
0.744491445114
0.744436278867
0.744298372193
0.744188056051
0.744160478293
0.743995022476
0.743802013941
0.743581463417
0.743553896902
0.743416071987
0.743388508537
0.743360945598
0.743223138569
0.743085344315
0.742947562835
0.742920008072
0.74283734685
0.742809794131
0.74272713904
0.742699588366
0.742616939407
0.742589390776
0.742396564669
0.742286389563
0.7422037636
0.742176222634
0.74203852547
0.741900841081
0.741873305736
0.741735636678
0.741625510628
0.741487864565
0.741460336885
0.741432809716
0.741350231276
0.741240133843
0.741212610762
0.741130044586
0.741019963505
0.7409098906
0.740744796573
0.740497190536
0.740277130575
0.740167112858
0.740057103318
0.739947101953
0.739892104337
0.739864606295
0.739699628776
0.739589653984
0.739507178255
0.739397217771
0.739342240595
0.739232292374
0.739039902662
0.738984938772
0.738875017124
0.738710149982
0.738545301235
0.738435412291
0.738353000949
0.738215658931
0.738160725701
0.737995938786
0.737968476004
0.73780371004
0.737721333956
0.737693876284
0.737611506333
0.7374742333
0.737282072517
0.737117383204
0.737007600548
0.736925268922
0.736650863383
0.736513679776
0.736431375744
0.736321644188
0.736266781476
0.736211920809
0.73604735107
0.736019924568
0.73593764813
0.735882799727
0.735800530954
0.735773109051
0.735608588368
0.735526334925
0.735416670822
0.735389256074
0.735307014895
0.735279602191
0.735087727569
0.735005503253
0.734923283536
0.734704053442
0.734621850588
0.734484856052
0.734430061815
0.734265691366
0.734128730045
0.733854845729
0.733772690398
0.733608393534
0.733471493533
0.733389359665
0.733334606307
0.733279854994
0.733225105725
0.7331703585
0.733142985653
0.733115613318
0.732978759308
0.732951390039
0.732924021281
0.732787185155
0.732568273926
0.732486190647
0.732349395402
0.732322037886
0.73215790352
0.732075843236
0.731939087849
0.731884388658
0.731857039829
0.731829691511
0.731774996408
0.731665612334
0.731638267592
0.731610923362
0.731474210388
0.731337509678
0.731228158308
0.731200821743
0.73117348569
0.731036813085
0.73098214762
0.730872822822
0.730790834589
0.730708850955
0.730599546597
0.730572221785
0.730544897484
0.730353641686
0.730299001771
0.730189728073
0.730162410927
0.730053147449
0.729998518776
0.729943892147
0.729916579599
0.729861956037
0.729780024525
0.729670789664
0.729616175299
0.729452344469
0.72939773828
0.729343134135
0.729315832829
0.729261231751
0.729124737997
0.728879081432
0.728688043832
0.728633466259
0.72857889073
0.72849703127
0.728360609056
0.728333326146
0.728224199617
0.728196919263
0.728060525665
0.727978695332
0.727787775772
0.727596881763
0.727569613162
0.727487810423
0.727351482744
0.727269692269
0.727187906393
0.727160645456
0.726997090567
0.726915320021
0.726724539966
0.726533784949
0.726479288115
0.726343054972
0.726261321218
0.726125108515
0.726043387025
0.725961670134
0.72579825015
0.725716547056
0.725580385453
0.725525924389
0.725308102105
0.725171978828
0.725090310993
0.724981427701
0.724926989121
0.724790901614
0.724736470188
0.724654826881
0.724600400565
0.724573188174
0.724437133881
0.724328299645
0.724246679334
0.724219473585
0.724137859406
0.724110655702
0.723920244589
0.723757054556
0.723702661966
0.723675466438
0.723566689434
0.723430729677
0.723349159955
0.723294782695
0.723267594831
0.72305011032
0.723022927056
0.722995744303
0.722859838201
0.722832658513
0.72266959112
0.722560889745
0.722506542123
0.722343511522
0.722289172077
0.722234834675
0.722099000113
0.721854530096
0.721773049288
0.721637258162
0.721555789618
0.721420019443
0.721338563163
0.721257111482
0.7211756644
0.720985639095
0.720849922064
0.720795638828
0.720687078489
0.720605663601
0.72049711757
0.720442847621
0.720361446529
0.720225788263
0.720117270849
0.720035888664
0.719954510568
0.719927385558
0.719818890627
0.719764646228
0.719683283462
0.719656163561
0.719574806927
0.719547689071
0.719520571726
0.719466338569
0.719357878386
0.719303651361
0.719195203443
0.7190867637
0.719005439259
0.718815700115
0.718734391004
0.718680187484
0.718598886038
0.718436296943
0.718327914433
0.718219540099
0.718084083679
0.717921552838
0.717813209164
0.717704873666
0.717650708983
0.717623627408
0.717569465791
0.717488227198
0.717461148689
0.717352839764
0.717271613435
0.717217465104
0.717190391705
0.71713624644
0.717082103219
0.716865550776
0.716703157905
0.716594906212
0.716540783431
0.716459603092
0.716432544002
0.716324312748
0.716270200187
0.716161981198
0.716053770384
0.71597261764
0.715945567747
0.715891469494
0.715810325948
0.715675096924
0.715512838958
0.715404677201
0.715296523619
0.715269486502
0.715134308578
0.714945080946
0.714891020508
0.714728851456
0.714620748975
0.714593724633
0.71451265467
0.714431589307
0.714296490589
0.714242454678
0.714215437489
0.714134388989
0.713999318376
0.713945293707
0.713864260537
0.713810240979
0.713702207994
0.713621188621
0.713540173847
0.713459163672
0.713378158096
0.713270157816
0.713108172725
0.713054181783
0.713000192885
0.71291921337
0.712784257732
0.712757268137
0.712730279053
0.712649314869
0.712541369776
0.712460416323
0.712406449908
0.712352485538
0.71232550412
0.712271542816
0.71224456293
0.712136648498
0.712082694348
0.711947817915
0.711920844161
0.711866898187
0.711812954257
0.711785983059
0.711705072529
0.711651134731
0.711543265267
0.711462368535
0.711381476401
0.711273627377
0.711192745975
0.711165786529
0.711111869171
0.711004040587
0.710923174515
0.710896220179
0.710842313041
0.710761456167
0.710680603892
0.710599756215
0.710518913138
0.710411129522
0.710330297176
0.710222527869
0.710141706253
0.710087827732
0.710060889237
0.70998007682
0.709899269002
0.709872334084
0.709791532398
0.709737667163
0.709683803971
0.709629942823
0.709576083719
0.709441444903
0.709414518672
0.709360667744
0.709333743047
0.709252972021
0.709199127225
0.709118363864
0.709037605103
0.708983768483
0.708876101376
0.708687703612
0.708633880278
0.708606969378
0.708418607384
0.708310983201
0.708149562256
0.708095759363
0.708068858682
0.707799898381
0.70769232121
0.707557861244
0.707369638754
0.707315865498
0.707288979637
0.707073911144
0.70702014913
0.706966389161
0.706858875354
0.70683199818
0.706697619974
0.706590126608
0.706482641417
0.706428901888
0.706375164403
0.706213964211
0.706187099301
0.706106507637
0.706025920572
0.705891619016
0.70578418697
0.705757330236
0.705542494759
0.705488791
0.705408239194
0.705354540545
0.705247149379
0.705139766389
0.705005549149
0.70495186583
0.704898184555
0.704790828137
0.70476399031
0.704710316189
0.704656644112
0.704602974079
0.704522472862
0.704495640145
0.704441976244
0.704254168687
0.704120035762
0.704066386169
0.704039562139
0.703985915613
0.703878628691
0.703824988296
0.703717713638
0.703637263011
0.703530002661
0.703422750487
0.703342316723
0.703288696768
0.703208270668
0.703074237389
0.703047432266
0.702967019963
0.70288661226
0.702833009679
0.702806209155
0.70269901217
0.702618619796
0.702538232022
0.702431055477
0.70237747027
0.702323887107
0.702216726914
0.702136362135
0.70208278817
0.701975646373
0.701868512752
0.701761387307
0.701681048589
0.701654270038
0.701440060028
0.701386512635
0.701332967287
0.701279423982
0.701225882722
0.701118806333
0.70095820708
0.700877914352
0.700851151131
0.700770864535
0.700690582538
0.700663822894
0.700637063761
0.700476519696
0.700423009096
0.70036950054
0.700315994027
0.700289241538
0.700208987135
0.700155486754
0.700101988418
0.700048492126
0.699941505673
0.699834527397
0.699807784105
0.699754299055
0.699674075312
0.699567117476
0.699513641624
0.699406696051
0.699299758655
0.699219560973
0.699192829435
0.69913936789
0.699059179407
0.699032450934
0.69887209083
0.69881864155
0.698604864869
0.698444553821
0.698417837102
0.698337690009
0.698284261169
0.698230834373
0.698150698012
0.698123986913
0.698097276326
0.698070566249
0.698017147629
0.697963731053
0.697856904033
0.69780349359
0.69775008519
0.697696678834
0.697643274522
0.697589872254
0.697456375527
0.697296196317
0.697082652654
0.696922516368
0.696735713953
0.696575617525
0.696522256138
0.696308831027
0.696282155187
0.69609543862
0.695908747092
0.695722080602
0.695588762726
0.695428798137
0.695402139161
0.695268851944
0.695162231369
0.69505561897
0.695002315837
0.694975665037
0.6948424187
0.694709185139
0.694575964353
0.694496038013
0.694416116273
0.694389476715
0.694362837667
0.694336199131
0.694149743686
0.694123109238
0.694016576555
0.693856792861
0.693750280618
0.693617151812
0.693563903867
0.693510657966
0.693457414109
0.693404172295
0.693297694801
0.69324445912
0.69316460943
0.693004923849
0.692925087956
0.692871866583
0.692765429969
0.692632395698
0.692472771437
0.692366365483
0.692259967705
0.692100386367
0.691861048854
0.691807868361
0.691754689912
0.691595166829
0.691382498001
0.691355916697
0.691302755622
0.691143284662
0.691116707957
0.691090131763
0.690957258458
0.69093068533
0.690771257294
0.690664982156
0.690638414649
0.690611847653
0.690479020338
0.69029308356
0.690186845215
0.690080615045
0.69005405878
0.689974393052
0.689894731922
0.689868179234
0.689815075391
0.689761973593
0.689629228038
0.689549586838
0.689443405725
0.689337232787
0.689204528113
0.689071836214
0.688965691893
0.68893915709
0.688859555748
0.688753427779
0.688647307986
0.688541196369
0.688355520712
0.688169870095
0.688037277842
0.688010760924
0.687984244517
0.687904698363
0.687878184
0.687745619852
0.687719108555
0.687639577731
0.687533543786
0.687401012853
0.687374508199
0.687321500425
0.687188989932
0.687056492214
0.687003496703
0.686976999715
0.686818028514
0.686712057933
0.686685566566
0.686553117393
0.686526629091
0.686367710013
0.68626177418
0.686155846524
0.686129365887
0.686076406147
0.685917539191
0.68575869063
0.685626330883
0.685546921166
0.685308719611
0.685255791553
0.685176403298
0.685149941569
0.685017643652
0.684911812064
0.684805988652
0.684700173416
0.684462119029
0.684409223675
0.6843034391
0.684171219878
0.684091894476
0.684065453698
0.683933257471
0.683906819758
0.683774638862
0.683748204215
0.683695336455
0.68364247074
0.68353674544
0.683510315393
0.683431028317
0.683404600313
0.683272467961
0.683219618598
0.683087504131
0.683061082771
0.682928983634
0.682876147556
0.682770481533
0.682717651588
0.682585585666
0.682506352245
0.682479942127
0.68245353252
0.6823478992
0.682189464552
0.682110254126
0.681951847071
0.681819855245
0.681661481917
0.681476736284
0.68139756725
0.681344790448
0.681265629079
0.681186472308
0.681054554577
0.681001791062
0.68094902959
0.68084351278
0.680738004145
0.680658878035
0.680579756523
0.680553383708
0.680447897558
0.68036878831
0.680289683662
0.680263316468
0.680184217951
0.680131488162
0.680105124034
0.680078760417
0.679973311058
0.67976243687
0.679736079896
0.679551595385
0.679419836065
0.679314437807
0.679209047724
0.679130010528
0.679024634754
0.678840246823
0.678761231089
0.678655883931
0.678471546078
0.678313562133
0.678260904906
0.678234577059
0.678129270782
0.678050296439
0.67802397268
0.677918682754
0.677839720675
0.677760763195
0.677734445058
0.677629177616
0.677471291783
0.677392355766
0.677287114896
0.677155575307
0.677050352833
0.676971441344
0.676839932414
0.676813632161
0.676734734469
0.6766295447
0.676445482277
0.676419189689
0.676340314991
0.676235155882
0.676130004949
0.676024862192
0.67599857778
0.675946010489
0.675814601206
0.675709482976
0.67563064967
0.675578096688
0.675472996855
0.675446723174
0.675341633561
0.675315362435
0.675184014472
0.675157746412
0.675078945299
0.67494762033
0.674868831481
0.674790047231
0.674737526952
0.67471126758
0.674579979914
0.674396201609
0.674317444953
0.674159945438
0.674028709895
0.673976219254
0.673897487126
0.673818759598
0.673766277133
0.673687557269
0.673661318337
0.673530131339
0.673398957116
0.673189104931
0.673084191103
0.673005511097
0.672926835691
0.672848164883
0.672821942302
0.67271705709
0.67266461755
0.672638398547
0.672533527643
0.67240245051
0.672323810363
0.672166543865
0.672114125787
0.672035502502
0.672009295763
0.67193067861
0.671825862894
0.671799660243
0.671747256473
0.671694854747
0.671590057427
0.671563859375
0.671485268283
0.671406681791
0.671275714524
0.671197140296
0.671040005636
0.670961445205
0.670882889373
0.670856705117
0.670778155417
0.67064724947
0.670437827039
0.670359301866
0.670254608791
0.670149923892
0.669992911873
0.669940578621
0.66983591825
0.66978359113
0.669731266055
0.669600462308
0.669521986192
0.669469671337
0.669417358525
0.669260432354
0.66910352458
0.669077375073
0.669025077591
0.668946635201
0.66889434283
0.668815908105
0.668711335626
0.668659052453
0.668528353462
0.668502215197
0.668397667246
0.668266993805
0.66824086065
0.668110202539
0.668005685248
0.667979557203
0.667953429669
0.667822799663
0.667639939117
0.667509339771
0.667430986296
0.667378753201
0.66730040739
0.667274293142
0.66716984126
0.667091507713
0.667065397553
0.667013178766
0.666960962023
0.666882640741
0.666778219518
0.66675211549
0.666543301662
0.666517202233
0.666386712753
0.66636061639
0.666308425196
0.666204048942
0.666177956156
0.666021410171
0.665890969236
0.665786625686
0.665708373389
0.665630125691
0.665551882592
0.665421487647
0.665395410191
0.66531718089
0.665291105478
0.665238956187
0.665082520578
0.665056449765
0.665004309672
0.664900035619
0.664821835444
0.664743639868
0.664717575698
0.664639386254
0.66456120141
0.664535140817
0.664483021164
0.664404845517
0.66437878799
0.664274562993
0.66419639961
0.664092188921
0.664066137526
0.663935888217
0.66388379207
0.663831697967
0.663701471653
0.663649384704
0.663545216939
0.663362943023
0.663310869361
0.663232762699
0.663154660637
0.663102595151
0.663024500753
0.662998470309
0.662868325756
0.662790245155
0.662738193977
0.662634097752
0.662608074973
0.662530009703
0.662373892959
0.662243809726
0.662165765918
0.662035703124
0.66195767158
0.661905653106
0.661879644635
0.661853636675
0.661749609946
0.661593585183
0.6615155797
0.661411579544
0.661385580782
0.661359582531
0.661333584792
0.661203603759
0.661151614922
0.661047643382
0.660943680017
0.660813737309
0.660683807376
0.660579872628
0.66044996569
0.660320071527
0.660268117439
0.660164215395
0.659956435834
0.659904496054
0.659852558318
0.659774655547
0.659670792339
0.659592900298
0.659489051398
0.659411170089
0.659385210674
0.659307335497
0.659151598939
0.659073737558
0.658969929538
0.658918028595
0.658840181011
0.658788285177
0.65863260994
0.658502895138
0.658373192601
0.658321315164
0.658243502839
0.65821756642
0.658087891988
0.658061958635
0.65798416164
0.657880439469
0.657776725473
0.65762116981
0.657491554143
0.657413790875
0.657336032206
0.657258278136
0.657180528666
0.656999131118
0.656921396977
0.656895486619
0.656869576772
0.656765942493
0.6567400352
0.656532795258
0.656506892565
0.656351487136
0.656299689415
0.656196100104
0.656170204054
0.656144308514
0.656066624963
0.656014838483
0.655885381227
0.655755936746
0.655652390359
0.655522968873
0.655419440882
0.655341800255
0.655134781066
0.654953666102
0.65485018308
0.654824313602
0.654772576179
0.654513919722
0.654410471448
0.654281172602
0.654126030851
0.653996760111
0.653970907495
0.653789953498
0.653738256955
0.65371240945
0.65358317959
0.653531491223
0.653376438385
0.653324758194
0.65324724174
0.653195566659
0.653143893622
0.653066387899
0.652988886775
0.65291139025
0.652808068704
0.652730582911
0.652704755335
0.652627275673
0.652601450141
0.65254980061
0.652523976611
0.652498153123
0.652472330146
0.652394864281
0.652369043348
0.652239946348
0.652007605475
0.65195597945
0.65180111364
0.651723687633
0.651646266226
0.651543044836
0.651491437207
0.651439831623
0.651414029597
0.651388228082
0.651336626585
0.651259228173
0.651181834359
0.651104445144
0.651001266679
0.650949680512
0.650872305095
0.650820724038
0.650794934277
0.650743356286
0.650640206437
0.650562849415
0.650408149169
0.650356586509
0.650279246351
0.650201910791
0.650150356307
0.650124579831
0.650098803866
0.65004725347
0.649969931707
0.649892614544
0.649737994015
0.649712225715
0.649660690649
0.649609157626
0.649531861925
0.649480334012
0.649428808144
0.649274242803
0.649196967031
0.649171209462
0.649145452404
0.649093939822
0.649016674781
0.648965167309
0.648939414339
0.64883640757
0.648759157859
0.648681912747
0.648604672234
0.648553181114
0.648501692038
0.648424462256
0.648321496367
0.648192800504
0.648167062865
0.648115589119
0.648089853012
0.648012648269
0.647961180655
0.647909715085
0.647832520562
0.647729601686
0.647703873244
0.647678145314
0.647626690985
0.647600964588
0.647523788461
0.647498064108
0.647472340265
0.647420894113
0.647318007941
0.647189411723
0.647035113125
0.646932257613
0.646880832923
0.646855121344
0.646777989675
0.646649447112
0.646598033664
0.64654662226
0.646469508987
0.646340997085
0.646315296237
0.646238196761
0.646109707854
0.645981231721
0.645929844845
0.645852768364
0.645827077226
0.645698629199
0.645595879975
0.645570193947
0.645467454943
0.64544177147
0.645313361768
0.645262001464
0.645107932817
0.645030905392
0.64490253657
0.644774180523
0.644645837251
0.64462017013
0.64456883742
0.644466178133
0.644363527022
0.644183907251
0.644055622744
0.643978658172
0.643876045897
0.643799092057
0.643773441798
0.643722142815
0.64369649409
0.643645198172
0.643593904299
0.643516967321
0.643414391838
0.643311824531
0.643286183982
0.643183626895
0.643157988901
0.643132351417
0.643004171666
0.642952903343
0.642927269948
0.642901637064
0.642799110637
0.642773480308
0.642670964101
0.642645336327
0.642517205121
0.64238908669
0.642337842895
0.642235361436
0.642107271111
0.642030423047
0.641902353162
0.641799906451
0.641646252227
0.64159503807
0.641518220666
0.641467011619
0.641390201881
0.641287796051
0.641083008918
0.641006222175
0.640980627616
0.640852662486
0.64077588954
0.640673532766
0.640622357445
0.640545598296
0.640443259918
0.640392093795
0.640340929716
0.64026418743
0.640110716655
0.640085139981
0.640033988166
0.639880544985
0.639829401346
0.639778259751
0.639727120201
0.639701551192
0.639675982694
0.639573713812
0.639522582437
0.639369200577
0.639343638722
0.639318077378
0.639241396412
0.639062492044
0.638960272218
0.638832508934
0.63880695781
0.638755857095
0.638679209856
0.638551474676
0.638398209324
0.638347124962
0.638321583547
0.638244962368
0.638193884138
0.63804066171
0.637964057395
0.637938523645
0.637912990406
0.637836393756
0.637810862561
0.637708742892
0.637606631399
0.637530053144
0.637427955959
0.63740243294
0.637351388436
0.637198267187
0.63712171346
0.637019648979
0.636968619805
0.636917592675
0.636892079876
0.636739013815
0.636585966149
0.636534954349
0.636483944593
0.636458440481
0.636407433791
0.636356429144
0.636305426542
0.636228926471
0.636152430999
0.636075940126
0.63605044419
0.635999453852
0.635948465558
0.635846495101
0.635770022624
0.635617091468
0.635540632788
0.63548966289
0.635438695035
0.635413211875
0.635336765459
0.635285803737
0.635234844059
0.635158408374
0.635056501282
0.634929128914
0.634801769321
0.634750829061
0.634674422504
0.634623487353
0.634521623185
0.634343380565
0.634266998535
0.634190621105
0.634088791685
0.634012424985
0.633961516407
0.633910609873
0.633783352481
0.633757902536
0.633656107864
0.633605213594
0.633579767225
0.633503431186
0.633401656954
0.633299890899
0.633198133019
0.633045511529
0.633020076403
0.632994641788
0.632969207683
0.632918341007
0.632816613788
0.632765753244
0.632714894744
0.632638610827
0.632562331509
0.632536906092
0.632460632906
0.63240978667
0.632358942478
0.632257260227
0.63207933596
0.631977676193
0.631926849376
0.631825201872
0.631774381187
0.631698153991
0.631647338415
0.631571118884
0.631469499997
0.631393291197
0.631291686618
0.631240887395
0.631190090215
0.63113929508
0.630961528202
0.630910742265
0.630758396716
0.63068223084
0.630631456145
0.630580683494
0.630479144323
0.63040299531
0.630276090509
0.630149198483
0.629996944915
0.629971571109
0.629895452757
0.629743229849
0.629692492968
0.629540294588
0.629489565883
0.629362753062
0.62921059454
0.629058454415
0.629007745128
0.628982391251
0.628906332685
0.628880980852
0.62885562953
0.628754229352
0.628703532329
0.62865283735
0.628576798714
0.628424735238
0.628298029728
0.628272690159
0.628196674518
0.628171336993
0.628120663476
0.628095327484
0.628044657033
0.627968655189
0.627917989848
0.627841995669
0.627740677251
0.627664693803
0.627614040726
0.627538064943
0.627462093759
0.627284845549
0.627234207802
0.627208889695
0.627006363236
0.626981049728
0.626930424245
0.626829179411
0.626753251151
0.626677327491
0.626576103097
0.626525493966
0.626398980082
0.626323077883
0.626120694505
0.625968928433
0.625842470758
0.625791891266
0.625614879138
0.625513740593
0.625412610224
0.625336767812
0.625210374013
0.625134543866
0.625033444157
0.624907081018
0.624780730654
0.624679659562
0.624654393066
0.624528068252
0.624502804822
0.624477541904
0.624452279496
0.624376495339
0.624224940822
0.624073404701
0.623921886975
0.623871385155
0.623770387646
0.62369464488
0.623568417157
0.623416960752
0.623391719807
0.623290761134
0.623265522744
0.623038400223
0.622887008205
0.62286177799
0.622735634582
0.622659954669
0.622584279356
0.622559055273
0.622508608641
0.622458164053
0.622382501003
0.622357281009
0.622256406141
0.622155539448
0.621928619285
0.62175215444
0.621600918788
0.621474903131
0.621374099803
0.621323701205
0.621197713653
0.620996160141
0.62084501647
0.62064352019
0.62059315123
0.620416875968
0.620215449185
0.620139922573
0.619988883145
0.619812694242
0.619737192158
0.619561038514
0.619535875751
0.6195107135
0.61948555176
0.619284276233
0.619259119092
0.619083033411
0.618906972769
0.618730937677
0.618655501513
0.618529784791
0.618454360891
0.618278389674
0.618253252973
0.618202981103
0.618177845935
0.618152711278
0.618052177759
0.618027045657
0.617976782986
0.617951652416
0.61785113525
0.617750626259
0.617725500289
0.617499389552
0.617424028505
0.617348672056
0.617197972957
0.617072404426
0.6169719588
0.616921739052
0.61682130569
0.616796198627
0.616620465026
0.616469854841
0.616369458271
0.616294166208
0.616118502615
0.616068317616
0.61596795375
0.615917774883
0.615892686216
0.615817423281
0.615641827651
0.615566580046
0.615491337551
0.615466257571
0.615315788422
0.615140264332
0.615039976094
0.614914627294
0.614839424147
0.614764225598
0.614689031648
0.614588780202
0.614563718618
0.614538657546
0.614513596984
0.614488536933
0.614438418364
0.614413359846
0.614388301839
0.61426301947
0.614112697489
0.613962393905
0.613937345096
0.613862201736
0.613762017742
0.613686885113
0.613561674284
0.613461514818
0.61331129095
0.613111022609
0.61306096025
0.613035929837
0.612935813807
0.612885758603
0.612785654326
0.612610491514
0.612510409721
0.612335286257
0.612260241009
0.612210213399
0.61211016431
0.611985114446
0.611960106006
0.611835071473
0.611735053044
0.611635042791
0.611560040467
0.611460044523
0.611360056754
0.611160105745
0.611110123103
0.611060142504
0.610935199951
0.610910212974
0.610835255107
0.610760301839
0.61068535317
0.6106104091
0.610585428766
0.61053546963
0.610435557489
0.610285704609
0.610160841261
0.610060959781
0.609861221349
0.609761364396
0.609536716148
0.609362018348
0.609212297306
0.609187345588
0.609162394381
0.609037646008
0.608962803117
0.608887964824
0.608713360027
0.608588657645
0.608439032161
0.608339291717
0.60821462766
0.608040119442
0.607915486045
0.607815788526
0.607741020752
0.607716099182
0.607566580497
0.607466911594
0.607441995646
0.607342336962
0.607192864267
0.607043409969
0.606869069871
0.606794360351
0.606744556559
0.606644955108
0.606545361833
0.606470672242
0.606371093786
0.606271522995
0.606221740666
0.606147071004
0.606097293785
0.605997745478
0.605798673392
0.605699149613
0.605674269946
0.605525002674
0.605500126584
0.605500126584
0.605425501379
0.605400627333
0.605276264767
0.60520165336
0.605102178637
0.605027577961
0.60490325372
0.604778942255
0.60467950228
0.604654643564
0.604604927665
0.60450550251
0.604381231924
0.604281824654
0.604207274567
0.604132729078
0.604058188189
0.604008496818
0.603884277333
0.603809751774
0.603760070623
0.603735230814
0.603635876687
0.603561366458
0.603511695527
0.60346202664
0.603437192963
0.603412359797
0.603387527142
0.603288201632
0.603263371532
0.603089575141
0.602990274159
0.602866159429
0.602742057474
0.602667602433
0.602543520919
0.602444264905
0.602245777405
0.602096933243
0.601972910494
0.601948107477
0.601824100057
0.60172490332
0.601625714758
0.601600918896
0.601576123544
0.601501740554
0.601427362164
0.601352988372
0.60127861918
0.601154680745
0.601129894592
0.601030755086
0.600882061159
0.600807721093
0.60070860816
0.600683831204
0.600559954601
0.600460862108
0.60033700799
0.600213166646
0.600114102769
0.599940760658
0.599816960194
0.599742686048
0.599569397592
0.599371384303
0.599346634941
0.599321886091
0.599198149502
0.59909916943
0.599000197533
0.59887649416
0.598827016388
0.598703330899
0.598579658186
0.59840653785
0.598357079496
0.598332351085
0.598208716698
0.598134542197
0.598085095085
0.598035650017
0.598010928249
0.597986206992
0.597862608375
0.597689591772
0.597566023814
0.597491889172
0.597467178646
0.597368341654
0.597318926224
0.597220101496
0.597195396592
0.597121284944
0.596973075446
0.596874279334
0.596701405812
0.596627324825
0.596454487073
0.596405109457
0.596380421416
0.596306360357
0.59628167436
0.59618293548
0.596108886686
0.595985482249
0.595911445719
0.595837413788
0.5957387117
0.595689363722
0.595541332053
0.595467323117
0.59536865169
0.595220659879
0.595195996366
0.595097347422
0.594998706655
0.594900074064
0.594850760834
0.594727486703
0.594678180627
0.594604225346
0.594505625459
0.594382387098
0.59433309533
0.594259161512
0.594086667153
0.594037387649
0.593963472227
0.593840290076
0.593766386917
0.593618594397
0.59352007627
0.593396940109
0.593323064545
0.593199948824
0.593126085523
0.593052226822
0.592929139206
0.592879907737
0.592855292769
0.592830678311
0.592732225593
0.592633781051
0.592584561845
0.592387705464
0.592289289538
0.592264686834
0.592240084641
0.592190881788
0.592166281128
0.592043285492
0.591969494243
0.591871113065
0.591846519048
0.591797332547
0.591772740063
0.591723556628
0.591698965677
0.591649785308
0.591600606982
0.591526843327
0.591502256464
0.591354746017
0.591305579956
0.591133514839
0.591059780311
0.590936899651
0.590912325052
0.590887750964
0.59076488819
0.590740317168
0.590519211696
0.590470080383
0.590445515493
0.59037182389
0.590273575572
0.59017533543
0.590052546751
0.590027990548
0.589954325005
0.589856111436
0.589831559321
0.589659708825
0.5895369738
0.589414251551
0.589340624333
0.589267001715
0.58909523349
0.589070697216
0.588997091461
0.588948023512
0.588849893747
0.588751772158
0.588678186331
0.588555553507
0.588457456446
0.588334846618
0.588236767953
0.588163214319
0.588114181119
0.588089665285
0.587942581525
0.587918069268
0.587820025351
0.587795515649
0.587746497779
0.58772198961
0.587550446737
0.587329928407
0.587231933546
0.587109451468
0.587011475004
0.586962489837
0.586791057852
0.586693107959
0.586595166243
0.586472750595
0.586350348233
0.586276912641
0.586203481648
0.586105580812
0.58603216055
0.585909803667
0.585885333824
0.58578745956
0.585714059227
0.585689593472
0.585665128227
0.585542809669
0.585444964021
0.585298210879
0.585200385671
0.585127022131
0.585053663189
0.585029211231
0.584955858421
0.584833613959
0.584784719751
0.584735827587
0.584662493174
0.584540279882
0.584442518039
0.584369202021
0.584320327232
0.584222583784
0.584149281564
0.584051552424
0.583978260935
0.583856118673
0.583758414061
0.583636294794
0.583611872474
0.583563029366
0.58344093054
0.583318844488
0.583245598989
0.583123533377
0.583050300142
0.583025890086
0.582952662983
0.582903847469
0.582708605855
0.582659800561
0.582610997312
0.582562196106
0.58248899813
0.582464599827
0.582318220739
0.5822206449
0.582147468386
0.582123077237
0.58202551775
0.581927966439
0.581830423304
0.581757271318
0.581732888345
0.581562221841
0.581440332525
0.581269708944
0.581220963949
0.581050372562
0.580952903011
0.580928536901
0.580879806214
0.580757988438
0.580684903905
0.580611823971
0.580563106569
0.5804900343
0.580392611762
0.580368257404
0.580319550223
0.580246493284
0.580149091186
0.580076044978
0.580003003368
0.579954311517
0.579783906135
0.579686542873
0.579662203335
0.579589187787
0.579467505426
0.579443170487
0.579321503457
0.579248509371
0.579102534996
0.579029554707
0.578980903736
0.578859285252
0.578786320293
0.578616086607
0.57856745301
0.578518821457
0.578397251518
0.578275694353
0.578178457819
0.578129842618
0.578008313559
0.577838194338
0.577740994596
0.577668100156
0.577619506417
0.577546619641
0.577498031013
0.577400859887
0.577303696938
0.577255118529
0.577133681961
0.577036541496
0.576842285093
0.576769447374
0.576696614253
0.57655096181
0.576429598826
0.576356787168
0.576211177648
0.576138379787
0.576114114855
0.576017060238
0.575944274641
0.575895753465
0.575677433976
0.575580416151
0.575507658148
0.575434904744
0.57533790736
0.575192426613
0.575046964262
0.574901520307
0.574828805228
0.574610687585
0.574513759697
0.574441069146
0.574392611334
0.574247250161
0.574077685377
0.574005022421
0.573908145632
0.573835493407
0.573738630927
0.573641776622
0.573544930494
0.57352072024
0.573375469444
0.573302850944
0.573230237044
0.573109224096
0.57308502304
0.572964025422
0.572915629952
0.57284304058
0.572770455807
0.572722068513
0.572673683263
0.572576918895
0.572504350985
0.572480162703
0.572431787673
0.572335043746
0.572310859041
0.572262491166
0.572238307994
0.572165761546
0.572141580419
0.572044861019
0.572020682447
0.571923973267
0.571875621743
0.571778924828
0.571682236088
0.571561386661
0.571416384212
0.571271400159
0.571198915031
0.571150594168
0.571078116705
0.571029800951
0.570884865954
0.570836558377
0.570788252843
0.570667497952
0.570570903237
0.570522608945
0.570426026494
0.570377738334
0.570329452219
0.570281168147
0.570208745873
0.570088052302
0.57006391512
0.57003977845
0.569967371505
0.569919102764
0.569870836067
0.569726048238
0.569653661223
0.569557152356
0.569508900989
0.569364159151
0.569315915959
0.569195316923
0.569050614943
0.568954157177
0.568857707586
0.568737157096
0.568664832933
0.56859251337
0.56849609444
0.568375582274
0.568327380985
0.568182789382
0.568086405199
0.568038216174
0.568014122428
0.567917752554
0.567821390856
0.567700950231
0.567604606929
0.567556438344
0.567508271802
0.567411944852
0.567363784443
0.567267469757
0.56721931548
0.567147087898
0.567026718813
0.566906362503
0.566834154849
0.566737885131
0.566713818979
0.566665688208
0.566449125034
0.566425065014
0.566304772579
0.56618449292
0.566136384633
0.56608827839
0.566040174192
0.565992072037
0.565919922637
0.565823730592
0.565775637635
0.565727546722
0.565607328383
0.565487122819
0.565415005612
0.565246750015
0.565174648139
0.565054488565
0.564958370104
0.564910313939
0.564766157709
0.564694086493
0.56464604157
0.564549957857
0.56445388232
0.564429864714
0.564381831033
0.564261755774
0.564141693291
0.564117682327
0.564045652502
0.563997635173
0.563901606649
0.563781583001
0.563685572872
0.563565571709
0.56351757482
0.563493577143
0.563373596419
0.563349601808
0.563277621039
0.563157663311
0.563133673298
0.5630137309
0.562965757517
0.562893801277
0.562845833004
0.562797866776
0.562749902592
0.562677960148
0.562558066295
0.562462160411
0.562390236363
0.56227037317
0.56222243147
0.562198461386
0.562054651616
0.56203068511
0.562006719114
0.561910860242
0.561791048149
0.561743126889
0.561719167026
0.561647290501
0.561575418575
0.561527506513
0.561431688521
0.561407735301
0.561287976864
0.561264026709
0.561144283602
0.561120336513
0.561000608736
0.560928778201
0.560904835712
0.560880893734
0.560809070864
0.560737253105
0.560689376813
0.560665439434
0.560569695026
0.560473958794
0.560354300002
0.560306440062
0.560234653985
0.560186799155
0.56013894637
0.560067171023
0.559947555667
0.559851872579
0.559732280217
0.55968444685
0.559612700631
0.559564872373
0.559445310671
0.559349670508
0.559254038521
0.559158414709
0.559062799074
0.559014994323
0.558967191615
0.558943291028
0.558895491386
0.55870431326
0.558632629894
0.558537059227
0.558465386592
0.558441496736
0.558345942421
0.558274282051
0.558178742044
0.558154858319
0.558107092404
0.558059328533
0.557963806922
0.557916049182
0.557868293487
0.557844416406
0.557796663776
0.557653418152
0.557605673699
0.557534060851
0.557438584209
0.557390848954
0.557343115742
0.557295384575
0.557223791656
0.55698518181
0.55686589605
0.556842040431
0.556794330725
0.556675065405
0.556603512345
0.556436573089
0.556388880758
0.556293502228
0.556245816029
0.556174290562
0.556150449762
0.556126609473
0.556031253427
0.556007415693
0.555959741758
0.555912069867
0.55586440002
0.555816732217
0.555721402743
0.555649911003
0.555554595837
0.555459288847
0.555411638418
0.55538781397
0.555268699395
0.555221057142
0.555173416933
0.555078142647
0.554935246549
0.554863805398
0.554816180519
0.554744747033
0.554720936893
0.554625701443
0.554554280222
0.554506668629
0.554435255072
0.554363846115
0.554316242698
0.554197243098
0.554102052617
0.554078256274
0.554054460442
0.553983076012
0.553887903927
0.553768951851
0.55360243826
0.553531082957
0.553459732254
0.553364605137
0.553317044644
0.553245707738
0.553150599017
0.553103047722
0.553007951265
0.552912862984
0.55272271095
0.552698944245
0.552580118386
0.552556354747
0.552461305302
0.552390023584
0.552271230941
0.552247473945
0.552176206024
0.552128696631
0.552009932093
0.551962429855
0.55191492966
0.551843683201
0.551796188117
0.551772441341
0.551677459348
0.551558743355
0.551487519891
0.551440040137
0.551416301026
0.551321349694
0.551273877093
0.551226406537
0.551178938025
0.551084007132
0.551060275687
0.550965355014
0.550894169876
0.550799263511
0.550728089104
0.550633197047
0.550538313167
0.550467155622
0.550396002677
0.550277424654
0.550182571434
0.55013514789
0.550064016406
0.549898060829
0.549874354934
0.549779536462
0.549708427973
0.549637324084
0.549566224793
0.549518827821
0.549447736196
0.549352954516
0.549234489425
0.549187106761
0.549116036598
0.549044971033
0.548950224102
0.548902853702
0.548831801934
0.548808119034
0.548760754766
0.548618674227
0.548476612083
0.548358241016
0.548263553361
0.548121537208
0.54805053603
0.547932210953
0.547742917402
0.547624625541
0.547553656556
0.547459038397
0.547388080143
0.547269826606
0.547198880616
0.547175232975
0.547127939225
0.54696242771
0.546844220163
0.546631478773
0.54653694033
0.546466041864
0.546418778774
0.546347887973
0.546182493987
0.546064370756
0.545922639742
0.545757310143
0.545710077714
0.545662847328
0.54556839269
0.545544780308
0.545497557077
0.545379507941
0.545332291864
0.545214260613
0.545096242138
0.545001836555
0.54495463683
0.544931037734
0.544813049919
0.544718668864
0.544671481403
0.544600704044
0.544553521693
0.544506341386
0.544482751999
0.544341226407
0.54427047051
0.544199719212
0.544152554235
0.544034651246
0.543916760521
0.54382245765
0.543751735479
0.54370458992
0.543610304934
0.5434924602
0.543468892786
0.543421759491
0.54337462824
0.543256809055
0.543186123676
0.543162562905
0.543068324932
0.543044766716
0.542974095134
0.542950538962
0.542832765768
0.542809212662
0.542762107983
0.54273855641
0.542620806211
0.542550162223
0.542526615249
0.542408888045
0.54236180074
0.542291173615
0.542244091421
0.54219701127
0.542149933163
0.542008711107
0.541938106978
0.541843975292
0.541749852294
0.541655736961
0.541561629804
0.541491054801
0.541420484398
0.541349918594
0.541279357388
0.54123231914
0.5411617656
0.541091216658
0.541020672316
0.540926620347
0.540903108632
0.540809066884
0.540715033311
0.540621007914
0.540573998281
0.540432981648
0.54036248023
0.540268485493
0.54015100357
0.540057027229
0.539916078048
0.539869099076
0.539822122148
0.539728174423
0.539634234875
0.539563785579
0.539469860338
0.539422900784
0.539352465285
0.539305510841
0.539258558441
0.539164659773
0.539094241137
0.53907076928
0.539000356777
0.538976886964
0.538906480592
0.53883607882
0.538812612584
0.538742216943
0.538601439459
0.538484138942
0.538413764763
0.538273030203
0.538202669821
0.538155765455
0.538108863133
0.538085412739
0.537968168431
0.537874382184
0.537827492126
0.537757160871
0.537686834216
0.537593072496
0.537499318952
0.53742900916
0.53738213852
0.537288403372
0.537218107377
0.537171245935
0.537124386537
0.537007246985
0.536936969386
0.536890120209
0.536843273075
0.536749584939
0.536702743937
0.536585650376
0.536445154965
0.536398327249
0.536328089508
0.536281266902
0.53623444634
0.536211036826
0.536117403879
0.535953565895
0.535930162512
0.535836554093
0.53578975295
0.53574295385
0.535672759033
0.535508989012
0.535415417385
0.535392025756
0.535321853934
0.535204911118
0.53513475156
0.535087981077
0.534994446242
0.534971063811
0.534900919583
0.53485415932
0.534830779954
0.5348074011
0.534737267604
0.53464376394
0.534597014918
0.534526895219
0.534433409951
0.534410039784
0.534363300983
0.534199731275
0.534106274112
0.534012825125
0.533942743751
0.533849309072
0.533779238429
0.533615758146
0.533499001846
0.533452302903
0.53338225832
0.533335564487
0.533312218337
0.533148814705
0.533055449523
0.533032109504
0.532985431001
0.532938754542
0.532915417079
0.532775403032
0.532682070554
0.532635407381
0.532565416454
0.532542087167
0.532495430126
0.532425448397
0.532355471267
0.532308822402
0.532285498736
0.532238852937
0.532168888071
0.532075609248
0.531959021578
0.531935705577
0.531842446684
0.531772507879
0.531679263293
0.531655953424
0.531586026883
0.531539411744
0.53149279865
0.53142288284
0.531399578592
0.53130636671
0.531189863356
0.531166564218
0.531119967475
0.531026780122
0.531003484561
0.530980189511
0.530933600944
0.530840429943
0.53081713847
0.530770557057
0.530700688771
0.530560965995
0.5304445444
0.53039797934
0.530351416323
0.530258296422
0.530165184697
0.530095356268
0.529978985774
0.529955713209
0.52990916961
0.529862628055
0.529792819556
0.529746283112
0.529699748711
0.529629950943
0.529490369203
0.52939732493
0.529327547091
0.529257773851
0.529118241168
0.529048482236
0.529001978495
0.528978727391
0.528908977146
0.528862479538
0.5288392315
0.528699754005
0.528653265595
0.528490572255
0.528444093043
0.528397615875
0.528327903955
0.52830466767
0.528258196634
0.528211727642
0.528095564104
0.528025872113
0.527956184721
0.527886501928
0.527840049288
0.52777037416
0.527700703631
0.527561376371
0.527538156949
0.527445284373
0.527375635306
0.527305990839
0.527259563749
0.52723635097
0.527189926946
0.5271667157
0.527120294742
0.527050667138
0.52700425129
0.526957837486
0.526841811918
0.526795405268
0.526749000662
0.526679397586
0.526609799108
0.526517008292
0.52647061595
0.52640103127
0.52630825885
0.526285067022
0.526261875706
0.526192304823
0.526053176853
0.525960435093
0.525937250931
0.525821337784
0.525798156687
0.525728616464
0.52565908084
0.525496849446
0.525450502072
0.52533464258
0.525265133017
0.525195628053
0.525149293965
0.525056631922
0.524987140755
0.524848172218
0.524755536747
0.524686065509
0.524662909451
0.52461659887
0.524593444345
0.524523983838
0.52445452793
0.524315629912
0.524246187801
0.524176750289
0.524130461169
0.524061031323
0.523991606075
0.523945325131
0.523829631715
0.523760221797
0.523713951074
0.523690816479
0.523552020149
0.523436370168
0.523274481657
0.523158862336
0.522973903105
0.522950784861
0.522835201311
0.522650294201
0.522604072534
0.522442312795
0.522349889901
0.522188169509
0.522026474156
0.521934088054
0.521864803843
0.521841710128
0.521749340377
0.521587712988
0.521564625405
0.521356860153
0.521310695718
0.521287614267
0.521264533327
0.521149136292
0.520803036145
0.520664622556
0.520618488781
0.520526227363
0.520410912088
0.520341729056
0.520180319864
0.520041989058
0.519972830553
0.519742335419
0.519627107015
0.519465808711
0.519143310215
0.519120276798
0.519051179613
0.518936027859
0.51882088888
0.518728786895
0.518613670911
0.518521587322
0.518498567702
0.51831442914
0.518176346681
0.518061292017
0.517992265351
0.517969257484
0.517946250128
0.517854225815
0.517693202942
0.517670201718
0.517624200803
0.517555203264
0.517532205107
0.517302251635
0.517256267073
0.517141314609
0.517095337201
0.517003388516
0.51679653387
0.516773552575
0.516589720614
0.51652079206
0.516497816898
0.516428894476
0.516337005068
0.51629106343
0.516176218277
0.516130283793
0.516038420956
0.515923603909
0.515831759468
0.515716965416
0.515625139372
0.515579229416
0.515487415636
0.515349710296
0.515234969898
0.515097298284
0.515028469376
0.515005527428
0.514959645066
0.514936704652
0.514913764749
0.514867886475
0.514799072896
0.514753199732
0.514638525765
0.514569727517
0.514523864573
0.514432144817
0.514340433238
0.514225805261
0.514157034607
0.514134112077
0.514088268551
0.513950750238
0.513927832308
0.513813250321
0.51372159393
0.513698681109
0.513538305675
0.513492488721
0.51337795528
0.513263434613
0.513217629923
0.513194728345
0.513126026676
0.512965740667
0.512782587317
0.512668134614
0.512599468204
0.512530806393
0.512439264977
0.512324849066
0.512301967417
0.512187566836
0.512118932619
0.512096055569
0.512027427484
0.511890185112
0.511821570825
0.511684356047
0.511615755556
0.511478568372
0.511409981679
0.511318539908
0.511272822089
0.511135680895
0.51102141062
0.51090715363
0.510724368201
0.510701522322
0.510564457779
0.510518773686
0.510336059286
0.510290385413
0.510199043799
0.510176209673
0.510153376058
0.509947897029
0.50990224053
0.509879413047
0.509856586075
0.509719634974
0.509514244348
0.509468607267
0.509354523507
0.509331708288
0.50930889358
0.509126394313
0.509035156943
0.508921121728
0.508829902754
0.508829902754
0.508738691957
0.50860189109
0.508533497556
0.508419518551
0.508305552322
0.508237178716
0.508100445302
0.507963730284
0.507940946236
0.5079181627
0.507827033662
0.507690355436
0.507622023222
0.507530920757
0.507371511116
0.507257662417
0.507212126515
0.507121060842
0.507098295701
0.506893446737
0.506847927187
0.50680240968
0.506779651694
0.506734137253
0.506711380799
0.506574852808
0.506529347566
0.506438343213
0.506415593402
0.506392844102
0.506279105269
0.506165379211
0.506074407562
0.506051665927
0.506028924804
0.505983444089
0.505892488793
0.505801541672
0.505710602727
0.505574209641
0.505460562788
0.505301478655
0.505210584679
0.505119698879
0.505074259045
0.504892520148
0.504778950456
0.504710814467
0.504551848376
0.504438316498
0.504324797396
0.5039162528
0.50389355971
0.503825483508
0.503802792462
0.503757411905
0.5036893449
0.503530539775
0.503439805231
0.503326398549
0.503190327394
0.503054274634
0.502986255153
0.502850229988
0.502827560915
0.502736889736
0.502623562259
0.502555571905
0.502510247557
0.502306313287
0.502170380102
0.502102420408
0.502011814637
0.501921217042
0.501853274211
0.501762690924
0.50174004638
0.501626831323
0.501581548878
0.501513629042
0.501423076415
0.501309897129
0.501196730618
0.501106206607
0.500993063091
0.500857307734
0.500812060037
0.500721570774
0.500676329209
0.500631089688
0.500495383388
0.500382308857
0.500359695484
0.500269247101
0.500246636283
0.500133589857
0.500110982105
0.500065768134
0.500043161915
0.499975346323
0.499862330558
0.499771927143
0.499681531905
0.499545954377
0.499432987157
0.499320033223
0.499274855022
0.499229678864
0.499116747414
0.499003828739
0.498913502997
0.498845764056
0.498732876041
0.498710299971
0.498687724412
0.498484581684
0.498326599272
0.498213770022
0.498078391785
0.497988149848
0.497965590641
0.497897916086
0.497717473602
0.497694920527
0.49764981591
0.497604713337
0.497469417883
0.497311596436
0.49728905256
0.497266509194
0.497221423995
0.49717634084
0.497063641896
0.496905884836
0.496815749187
0.496680561043
0.496545391806
0.49647781383
0.496410240454
0.496365194091
0.496320149773
0.496185029081
0.496072442557
0.495982382536
0.495892330691
0.495869819007
0.495847307835
0.495734759636
0.495667236849
0.495644730275
0.49557721362
0.495487198567
0.495442194107
0.495419692643
0.495262196705
0.495127220116
0.495014753677
0.494992261923
0.494812346281
0.494654946923
0.494565015674
0.494520053116
0.494317746899
0.494295270985
0.494070539954
0.49398066185
0.493913258637
0.493845860023
0.493823394841
0.493778466009
0.493711076593
0.493688614476
0.493666152871
0.493643691776
0.493486478423
0.493396653462
0.493329290108
0.493261931352
0.493239479456
0.493172126832
0.493104778808
0.49305988268
0.49299254232
0.492880318608
0.492790548836
0.492543729231
0.492476424131
0.492409123629
0.492386691151
0.492274536424
0.492162394472
0.492139967614
0.492072690108
0.492050265295
0.491893305909
0.491781207392
0.491736371562
0.491579462255
0.491422577986
0.491288125685
0.491220906433
0.491108884567
0.491019276271
0.490929676152
0.490884879159
0.490795291303
0.490683317982
0.490616140121
0.490593748523
0.490459409664
0.490369860645
0.490280319802
0.490190787135
0.490101262644
0.489989368528
0.489877487187
0.489787991312
0.489720874772
0.489609024091
0.489497186185
0.489407725058
0.489385361054
0.48925118776
0.489139390735
0.488915835008
0.488781726101
0.48860294284
0.488558252135
0.488468876856
0.488401850763
0.488379509754
0.488312489793
0.488156127769
0.488133792381
0.488111457503
0.488089123137
0.488066789282
0.487955127672
0.487865807582
0.487776495668
0.48768719193
0.487664867273
0.487575573755
0.487463968355
0.487374693233
0.487307742257
0.487218481443
0.487129228806
0.487062294693
0.487039984344
0.487017674506
0.486995365179
0.486839214198
0.486816908959
0.486794604231
0.486772300015
0.486593884675
0.48650468927
0.486437798081
0.486370911491
0.486259444062
0.486170279316
0.48612570001
0.486058834882
0.485925118424
0.485858267093
0.485791420362
0.485746858429
0.485702298541
0.485345911412
0.485167757706
0.485100958497
0.48501190004
0.484989636703
0.484922849759
0.484856067414
0.484744773725
0.484633493323
0.484588984534
0.484499973089
0.484366471252
0.484232987811
0.484099522766
0.484032797142
0.483899359691
0.483877121904
0.483765940636
0.483654772143
0.483588077179
0.483476929126
0.483343568325
0.483321343313
0.48321022592
0.483121341204
0.483099121302
0.482965812624
0.482876950392
0.482721461159
0.482565996965
0.482521583223
0.482454966442
0.482299545173
0.482255143695
0.482166346871
0.482099754618
0.481988777751
0.48196658391
0.481877813658
0.481700297683
0.481633737623
0.481567182163
0.481456266616
0.481323184822
0.481278828312
0.48121229738
0.481123596624
0.480990560821
0.480901880505
0.480835375634
0.480702379689
0.480680215487
0.480613725946
0.480547241004
0.48030350223
0.480259192732
0.480214885279
0.480170579869
0.479971241551
0.479926947384
0.47988265526
0.47983836518
0.479771933894
0.479639085117
0.479528391856
0.479417711369
0.479395576805
0.479329176178
0.479284911649
0.479152130325
0.479041493273
0.479019367396
0.478930868997
0.478820257496
0.478621194609
0.478554847637
0.478444279572
0.478377944864
0.478267397238
0.478201074795
0.478090547609
0.47795793185
0.477847432769
0.477670660812
0.477648566617
0.477626472933
0.477516012178
0.47749392156
0.477427652771
0.477405564197
0.477273043484
0.477228874001
0.477206790026
0.477140541167
0.477008057246
0.476985978381
0.476963900027
0.476919744852
0.476831440633
0.476765217835
0.476610715858
0.476588646192
0.47639004525
0.476235604082
0.476213543102
0.476191482633
0.476125304292
0.476037073659
0.475992961408
0.475970906049
0.475904743038
0.475794481573
0.475728330827
0.475684232884
0.47559604313
0.475551951319
0.475529906181
0.475375604516
0.475309482897
0.475287443379
0.475177253455
0.475045042408
0.474912849758
0.47486878963
0.474824731545
0.474714595276
0.474670544345
0.474648519647
0.474538403818
0.474450320352
0.474296194473
0.474142093122
0.474054046449
0.473966009485
0.473899985977
0.473877979164
0.47376795276
0.473723945776
0.473635937939
0.47352593964
0.473393958545
0.473327974896
0.473261995846
0.473152040982
0.473086074197
0.472998125636
0.472954154422
0.472910185251
0.472866218125
0.472822253043
0.472712349791
0.472690370571
0.472580482138
0.472536530342
0.472426659794
0.472382715151
0.472360743597
0.472316802021
0.472272862488
0.472228925
0.4720971248
0.472031231598
0.471921419815
0.471833579587
0.471789662539
0.471723790799
0.471657923659
0.471592061117
0.471526203175
0.471482300435
0.471372552527
0.471306709915
0.471284763399
0.471240871901
0.471218926919
0.471175038487
0.471131152099
0.471087267755
0.471043385455
0.470933688647
0.470824004615
0.470714333358
0.470648536736
0.470582744712
0.470538885918
0.470495029169
0.470451174463
0.470385396236
0.470341546641
0.470210010117
0.470166168697
0.470034656702
0.469925077425
0.46968405105
0.469640234159
0.469574512654
0.469508795748
0.469443083441
0.469377375733
0.469333573149
0.469245974114
0.469224075633
0.469158383255
0.469092695476
0.469005118925
0.468895659733
0.468873769428
0.468786213317
0.468764325567
0.468720551599
0.46865489448
0.468589241961
0.468545476169
0.468436070633
0.468370433443
0.468326677872
0.468217297886
0.468151676026
0.468086058766
0.467998576239
0.467954838041
0.467911101888
0.467823635713
0.467779905692
0.467692451781
0.467648727892
0.467583145891
0.467561286245
0.467451995685
0.467408283037
0.467320863875
0.467233452888
0.467167900014
0.467102351739
0.467036808062
0.466993114833
0.466971268985
0.466818362356
0.466796520596
0.466730998382
0.466643642584
0.466621804912
0.466534459334
0.466447121931
0.466381624245
0.466316131158
0.466185158781
0.466097854083
0.4660542048
0.465901448406
0.465857808321
0.465792352026
0.465683268421
0.465639638556
0.465508761225
0.465486950125
0.465399710836
0.465356094257
0.465334286734
0.465203452327
0.465138042022
0.465029035068
0.464920040888
0.464854650513
0.464745676773
0.464702090854
0.46465850698
0.464571345362
0.464440618266
0.464375261616
0.464331693072
0.464288126571
0.464200999702
0.464092102612
0.463961442969
0.463852573985
0.463765487995
0.463721948067
0.463678410182
0.463634874342
0.463613107188
0.463547808792
0.463504279084
0.463373702733
0.463330181201
0.463221386312
0.46306909493
0.462960330701
0.462916828587
0.462742840569
0.462634114666
0.462547143141
0.462525401537
0.462438440233
0.462351487104
0.462308013606
0.462177605375
0.462155872458
0.462068945902
0.46204721554
0.46200375635
0.461916844101
0.46185166528
0.46176476734
0.461656156412
0.461525840161
0.461417257338
0.461286974814
0.461200130018
0.461178420096
0.461113293398
0.46100475912
0.460917940896
0.460896237617
0.460809429613
0.460766028677
0.46065753528
0.460614141498
0.460505665985
0.460462279357
0.460397203248
0.460332131737
0.460267064826
0.46022368944
0.4601369448
0.460093575546
0.459985161354
0.459920118971
0.459833402947
0.459790048001
0.459703344241
0.459616648658
0.459551632336
0.459486620612
0.459421613488
0.459356610963
0.459334944477
0.45918329338
0.459096646853
0.459031667323
0.45890172206
0.458880066304
0.45885841106
0.458771795193
0.458663536856
0.458598587986
0.458468704043
0.458338838496
0.458252271685
0.458144074669
0.458100799439
0.457992620308
0.457949352233
0.457884453952
0.457797930065
0.457754671187
0.457733042515
0.457538418191
0.457495171578
0.45743030549
0.457365444002
0.457300587112
0.45717088713
0.457084430695
0.45697637165
0.456954761373
0.456846717658
0.456738686717
0.456630668551
0.456544263217
0.456479464582
0.456285099336
0.456241911998
0.456198726705
0.456112362251
0.45606918309
0.456004418181
0.4559828309
0.455918072122
0.455853317944
0.455810151047
0.455637503899
0.455529616039
0.455486464472
0.455421740954
0.455357022035
0.45524916739
0.45514132552
0.455055061222
0.454904118374
0.45481787656
0.454753200565
0.45466697306
0.454645417461
0.454494542576
0.454408339598
0.454365241176
0.454300597374
0.454235958171
0.454192867924
0.454171323567
0.454063609448
0.453697499994
0.453611372645
0.453482196951
0.453460669457
0.453417616003
0.453331515225
0.453266945008
0.453202379389
0.453180858539
0.453051744165
0.452944162906
0.452901133979
0.452729043823
0.452643008454
0.452599993836
0.452556981261
0.452513970731
0.452449458768
0.452427955802
0.452341949049
0.452320448638
0.452298948739
0.452255950472
0.452234452106
0.451998011463
0.451955027505
0.451847576551
0.451654202138
0.451589751495
0.451482343977
0.451374949234
0.451289042637
0.451224618056
0.451117253973
0.451052841655
0.450988433936
0.450924030816
0.450795238374
0.450730849051
0.450666464327
0.450602084203
0.450580625183
0.450494794215
0.450344610205
0.450323157318
0.450258801721
0.450194450724
0.450087209281
0.450001425325
0.449979980613
0.449894206878
0.449872764721
0.449808441829
0.449722684445
0.449679808819
0.44959406421
0.449551194716
0.449486894308
0.449422598498
0.449336877907
0.449251165491
0.449165461251
0.449079765188
0.448972656605
0.448951236422
0.448886978938
0.44884414317
0.448779893351
0.448672820539
0.448608582984
0.448587171488
0.448501530612
0.448437305321
0.448394491015
0.448244657042
0.448201851934
0.448137648105
0.448073448876
0.447902273413
0.447859484658
0.447795305357
0.44770974011
0.447624183038
0.447560020601
0.447474477838
0.447367562414
0.447346180556
0.447324799209
0.44723927893
0.447196521856
0.447132390079
0.4470682629
0.446897279574
0.446854538853
0.446747695992
0.446662230901
0.446640865906
0.446469964341
0.446405884685
0.44636316747
0.44629909548
0.446256383374
0.446149612565
0.446085555904
0.446064204706
0.446021503843
0.445978805024
0.445893413517
0.445829375253
0.445765341588
0.445743998055
0.445658629032
0.445573268186
0.445509252917
0.445466578626
0.445381236175
0.445317234703
0.44525323783
0.445146586595
0.445103929678
0.445061274805
0.444997296328
0.444954646565
0.444911998846
0.444826709539
0.444634839006
0.444592206617
0.444528261866
0.444400386161
0.444336455207
0.444272528852
0.444165995147
0.444059474218
0.443952966063
0.443846470683
0.443803876109
0.443782579588
0.443697398614
0.443548351584
0.44348448195
0.44344190475
0.44335675648
0.443207766682
0.443101360728
0.443058801923
0.443016245163
0.442867312597
0.442739676041
0.442675864662
0.442590789976
0.442505723467
0.442463193279
0.442378139034
0.442314353715
0.442293092965
0.442250572996
0.442186796876
0.442059258432
0.441974243023
0.441867985771
0.441825486242
0.441782988758
0.441761740782
0.441740493317
0.441676753989
0.441634263659
0.441570531996
0.44154928913
0.441443082467
0.441400603378
0.441273178377
0.441188238597
0.441145771772
0.441039613654
0.441018383564
0.440975924915
0.440869787237
0.440806110762
0.44072121595
0.44067877161
0.440636329313
0.440487797884
0.440402933732
0.440339290983
0.440190809121
0.440169599471
0.440148390331
0.440084765978
0.440021146225
0.439872718018
0.439787913142
0.439512381865
0.439469995779
0.439364039507
0.439300471876
0.439236908843
0.439215722188
0.439152165287
0.439088612986
0.439003883738
0.438940342168
0.438834449771
0.438792096389
0.438665048507
0.438601531465
0.438538019022
0.438495679948
0.438453342918
0.438347509286
0.438326344093
0.438284015239
0.438199363664
0.438114720775
0.438008928023
0.4379666145
0.437881993584
0.437776228938
0.437733926656
0.437670477066
0.43756473797
0.437522445908
0.43748015589
0.437437867917
0.43724759733
0.437163045911
0.437120773268
0.436972835112
0.436930571666
0.436867180331
0.436803793594
0.436761538324
0.436677033917
0.436613660978
0.436486928896
0.43633909805
0.436275749639
0.436233519919
0.436149066613
0.436043511477
0.436001292999
0.435937969116
0.435895755749
0.435874649832
0.435811335146
0.435769127911
0.43574802506
0.435684719572
0.435642518469
0.435494830704
0.435431543613
0.43534716849
0.435304983738
0.435241710444
0.435115177653
0.435030832678
0.434988663257
0.434883248647
0.43484108638
0.434798926157
0.434714611843
0.434609230959
0.434524935041
0.434503862339
0.434461718467
0.434356367732
0.434335299118
0.434251029773
0.434229963714
0.434166768603
0.434040392178
0.433935092543
0.433787694516
0.433640321529
0.433619270289
0.43359821956
0.433556119635
0.433450878765
0.433366695268
0.433261477393
0.433240435352
0.433198352801
0.433114193831
0.433009006617
0.43294590042
0.432840733646
0.432798670513
0.43271455038
0.432672493379
0.43258838551
0.43256735982
0.432525309973
0.432420194299
0.432378151607
0.432294072865
0.43223101879
0.432188985296
0.432146953845
0.432104924438
0.431936827252
0.431915817404
0.431789769042
0.43176876277
0.431642735871
0.43157972932
0.431558728158
0.431453730014
0.431411734334
0.431243772052
0.431222779067
0.431138812234
0.43103386519
0.430907945601
0.430761062665
0.4306981205
0.430656161612
0.430614204767
0.430593227112
0.430551273333
0.430509321599
0.430404451206
0.43032056409
0.430278623597
0.430257654118
0.430215716692
0.430173781309
0.430068951796
0.430027023568
0.429964135059
0.429901251148
0.429817413088
0.429754539908
0.429691671327
0.429670716156
0.429607853707
0.42950309318
0.429461192545
0.429398345427
0.429335502907
0.429314556423
0.429293610449
0.429147002943
0.429126061057
0.429063238467
0.428812012491
0.428707349054
0.428665487256
0.428560841704
0.42847713446
0.428414359393
0.428351588925
0.428226061785
0.428058720882
0.428016890766
0.427954149425
0.427912324419
0.427765952996
0.427682323425
0.427598702029
0.427556894397
0.427494186782
0.427452384261
0.427410583783
0.42732698896
0.427306091532
0.427201612055
0.427118037672
0.426992691427
0.426888250276
0.426846477392
0.426742054126
0.426679406298
0.426512367908
0.426470613421
0.426387110578
0.426303615911
0.426241000276
0.426094915014
0.425990583728
0.425948854791
0.425907127897
0.425823680242
0.425719382172
0.425656809461
0.425510824355
0.425448266975
0.425385714193
0.425281469778
0.42521892926
0.425093862023
0.425031335303
0.425010494084
0.424947973496
0.424927134322
0.424864619866
0.424822946117
0.424802110009
0.424739604751
0.424614608031
0.424572946546
0.424531287105
0.424406321046
0.424343844915
0.42423972825
0.42421890645
0.42413562436
0.424073168158
0.424031533245
0.423989900376
0.423885827146
0.423844201431
0.423781766691
0.423760956133
0.42371933655
0.423677719011
0.423636103516
0.423573684106
0.42349046538
0.423448859084
0.423386453471
0.423303253141
0.423157672238
0.423116082293
0.423032908535
0.422991324723
0.422887374133
0.422866585548
