5319
31908
164
62098
51268
850
61196
7578
24017
36715
51687
58404
16212
42224
111
57060
58668
499
2118
2148
2372
15853
43242
56214
1905
2906
9956
14174
26301
36300
45544
373
1092
2403
4888
5832
8157
18715
20182
54932
1563
4174
18946
37655
174
4171
16732
25303
83
610
658
2126
5109
6997
7440
8901
11487
18443
22253
23593
33815
51028
1338
2393
3508
4126
4707
9705
12978
13530
22233
32144
35447
35794
36266
1899
2232
10737
12145
14703
31166
43799
45968
50389
51247
56016
1
3
201
1051
1739
2310
3025
3295
3320
8593
16133
21930
23277
26471
32655
34449
248
976
1486
2003
2234
2791
2957
3897
4761
5622
7522
10761
12003
33558
39327
49761
54930
397
941
1197
1501
2699
3915
4787
6044
6074
6303
7286
7341
7777
7817
9099
9804
16899
16965
21151
21657
23983
41890
58835
77
394
2113
2464
4597
4626
5344
6329
8771
11250
14244
15762
21099
27703
50398
53415
54448
161
567
748
824
899
950
1390
1638
2430
2457
2477
2871
2956
2970
3465
3778
4114
5010
5082
6656
6899
8207
9359
11769
12773
12995
13739
14152
26891
33651
35037
50268
56777
62206
6
45
523
848
973
1800
2459
2620
2938
3027
3128
3721
6655
8632
10677
12189
13876
18516
19182
19523
20383
20810
21357
24806
26047
40718
46406
50583
366
568
598
836
959
1044
1340
1510
1872
2443
2480
2672
3075
3216
3282
4067
4536
4982
5227
5763
9315
16236
17584
18754
19314
19534
24632
31843
44467
199
600
738
898
927
1004
1163
1359
1399
1870
1876
2618
2807
2950
2953
2954
3177
3337
3425
3700
3732
3837
3989
5097
5723
6084
6192
6797
7547
8097
8337
11583
14494
14646
18081
20579
23120
26588
27273
54137
55904
56047
59395
11
236
339
436
645
665
671
953
980
1050
1205
1968
1997
1999
2016
2216
2235
2335
2370
2554
2930
3053
3330
3469
3536
3855
4194
4259
4543
6098
6276
6285
6700
6703
7569
8299
8810
10799
11898
12202
14303
15452
22002
23169
25050
25969
31308
35441
42801
53617
60564
108
110
233
237
289
307
315
678
800
981
1392
1576
1790
1799
1824
1857
1958
1998
2002
2017
2066
2115
2122
2124
2135
2217
2334
2690
2710
2711
3148
3311
3323
3432
3634
3860
3914
3999
4073
4087
4093
4101
4177
4595
4743
4917
5462
5650
5892
6178
7072
8030
8490
8697
8831
8886
9415
9978
10739
11193
11454
11681
13083
13576
14697
16989
17033
18001
19286
19326
20163
22027
24962
26825
34873
35446
40463
44562
50566
51985
57118
61579
156
202
230
475
576
802
858
878
975
1407
1434
1792
1840
2001
2114
2276
2479
2549
2629
2631
2877
2931
3032
3056
3136
3304
3328
3598
3678
3853
3898
4163
4825
4852
4929
4973
5732
6003
6193
6955
7181
7305
7605
7855
8214
8555
8826
9654
9820
10370
10467
10513
10625
11705
12379
12675
14153
15484
16339
17057
17216
17494
19030
19790
21874
33416
35448
43979
48195
54402
107
318
349
470
556
805
822
949
958
1118
1154
1428
1519
1520
1575
1579
1766
1767
1852
1991
2018
2271
2279
2437
2616
2926
2932
2937
2959
2974
3182
3376
3413
3470
3573
3637
3784
3856
3859
4539
4648
4793
5056
5111
5433
5578
5764
6287
6354
6438
6657
6794
6885
6948
7170
7483
7698
7853
7952
8062
8269
8816
9068
10047
10058
10339
10683
11347
12063
12148
12200
13021
13705
14046
14510
15056
15670
15812
16530
18231
18236
19241
21806
24506
25649
26853
31352
32317
32693
35016
36735
36967
42098
54070
56179
59255
60
96
574
672
799
829
947
961
979
1073
1158
1319
1337
1738
1847
1853
2008
2020
2045
2051
2414
2450
2551
2825
2860
3131
3309
3514
4082
4140
4330
4615
4635
4777
4794
4800
4897
5005
5128
5341
5618
5987
6555
7025
7173
7186
7210
7226
7260
7479
7533
7938
7939
7947
7958
9089
9230
9394
9530
9565
9718
10048
10262
11798
12115
12215
12654
12942
13026
13154
14059
15316
15645
17795
18483
19098
20382
20503
23319
23452
23772
24060
24798
25414
27431
29488
30058
31260
31462
34511
34529
38991
49077
55295
59786
0
209
801
859
904
982
1003
1038
1186
1212
1410
1413
1493
1846
1877
1996
2128
2136
2175
2211
2386
2445
2446
2793
3029
3076
3133
3419
3515
3589
4069
4078
4086
4282
4541
4578
4593
4801
5346
5524
5784
6062
6549
6561
6702
7004
7304
7606
7846
7996
8174
8536
8847
9109
9848
9988
10512
10568
10617
10905
11223
11973
13012
13942
13965
14050
14090
14150
14162
14225
16131
17210
17455
17474
17480
18169
19087
20136
20616
22574
24356
24522
24564
25071
25296
25330
25703
26473
27879
29700
29842
30436
31134
31936
32624
48502
57682
59795
59916
9
317
396
560
674
705
821
832
952
965
1412
1420
1484
1831
2104
2624
2693
2958
3062
3247
3332
3566
3606
3993
4060
4080
4081
4146
4164
4554
4644
4658
4766
4814
4902
5025
5106
5115
5429
5580
5695
6405
6887
7294
7423
7716
7882
7946
8164
8530
8699
9297
10045
10343
10741
10896
11158
11936
12014
12070
12337
14100
14383
14498
15017
15078
15332
15417
15814
15977
16165
16246
16365
16508
16880
17139
17213
18230
18753
19052
19369
19503
19550
19674
19791
19811
21232
22040
22993
23034
24538
25587
28750
28895
29860
30185
30804
31818
31822
33007
35679
36251
36850
38552
38609
39184
39529
40057
40622
42092
50084
52234
60424
61838
257
264
367
529
562
684
757
881
886
888
939
1298
1361
1389
1469
1500
1550
1583
1661
1829
1994
2013
2123
2218
2333
2412
2447
2573
2873
3129
3147
3272
3438
3475
3488
3582
3633
3896
4040
4083
4611
4983
5125
5210
5233
5237
5559
5642
5882
5928
5931
5959
5995
6134
6186
6417
6689
6690
6786
6796
6956
7473
7538
7677
8028
8209
8232
8349
8475
8506
8659
8696
8815
9122
9434
9459
9746
10059
10337
10478
10496
10557
10897
10948
10974
11019
11430
11564
11630
11905
11934
12296
12466
12617
12767
12774
12779
12980
13101
13155
13210
14060
14132
14320
14516
14528
14555
14766
14865
15220
15411
16107
16175
16318
16558
16718
16859
17014
17075
17730
17884
18116
18378
19115
19146
19229
19245
19386
19731
20041
20587
20655
20896
21388
21558
22005
22892
23229
23364
23438
23910
24204
24492
24494
24559
24617
24671
24926
24994
25156
25547
25729
25994
26419
27567
28552
28914
29575
30153
30417
32125
32459
34165
35531
35628
35995
36204
36340
38203
40735
41009
42708
44328
45840
52807
59269
60979
10
94
99
195
203
227
234
251
517
649
683
765
825
1012
1122
1171
1185
1277
1317
1360
1414
1418
1556
1722
1866
1889
1947
1995
2012
2046
2150
2257
2282
2286
2349
2442
2483
2606
2719
2750
2872
3003
3135
3137
3156
3245
3292
3324
3415
3692
3772
4817
4819
5214
5290
5347
5428
5584
5754
5920
6038
6404
6953
7175
7230
7295
7303
7309
7682
7951
7955
8626
8704
9291
9411
9447
9473
9485
9614
9965
9981
10027
10142
10172
10430
10464
10565
10694
10852
11086
11582
11763
12158
12267
12333
12426
12775
12852
12971
13580
13776
13839
14025
14261
14300
14709
14921
14936
14962
15203
15871
16065
16084
16150
16293
16308
16406
16709
17217
17227
17526
17687
18072
18379
18969
19066
19112
19117
19555
19586
19821
20093
20106
20281
20298
20804
21030
21107
21352
21429
21571
21631
21899
22261
22483
22548
22849
23276
23523
24422
25141
25297
25463
25803
26108
26401
26478
26661
27040
27896
28238
28601
28791
28952
29769
29905
30260
30471
31144
31215
31618
31686
32426
33375
33475
33628
34288
34555
34796
34797
35299
36334
37538
37615
39766
40559
42030
44033
44437
45935
48937
50657
52032
53018
56735
56963
58837
58955
61126
73
84
439
616
686
688
704
724
758
879
969
1147
1207
1341
1356
1358
1409
1540
1675
1953
2000
2121
2162
2252
2315
2371
2557
2664
2691
2697
2728
2773
2869
2951
2976
3125
3134
3312
3410
3752
3756
3861
3978
4063
4212
4335
4441
4442
4598
4599
4607
4823
4934
4965
5004
5124
5337
5402
5450
5452
5614
5616
5897
5962
6019
6042
6090
6221
6330
6348
6423
6584
6646
6734
6952
7248
7372
7673
8150
8227
8534
8564
8660
8691
8885
9014
9563
9568
10000
10017
10208
10249
10664
10684
10724
10762
10903
11018
11299
11406
11678
11686
11801
11878
12035
12198
12415
12467
12543
12819
13390
13394
13729
14218
14288
14299
14312
14339
14450
14737
14970
15109
15258
15445
15654
15667
15749
15781
15808
15859
15973
16238
16290
16324
16589
16711
16823
17285
17306
17419
17524
18032
18073
18115
18120
18690
18956
18980
19116
19297
19411
19851
19965
20115
20458
20509
21076
21424
21454
21522
21595
21929
22009
22156
22818
23314
23315
23409
23484
23618
23713
23938
23979
23998
24030
24065
24925
25317
25395
25426
25469
25757
25906
25970
25987
26041
26131
26217
26345
26372
26788
27215
27895
27956
28130
28170
28400
28739
28778
29636
30282
30495
30783
31022
31043
31133
31385
31465
31504
31949
32135
32180
32376
32423
32820
33012
33111
33150
33386
33981
34267
34409
34629
35044
35259
35412
35433
35503
35789
35863
35941
36179
36324
36355
37051
37062
37435
37506
38623
39199
39229
40335
40442
41003
41037
41761
41844
42837
43736
43943
44207
44604
46717
46848
47192
47308
48108
48171
51741
51849
51941
56950
58544
61462
7
8
18
64
85
228
310
344
392
471
518
695
726
764
804
826
964
1155
1344
1523
1578
1777
1845
1850
1855
1943
1948
1990
2096
2132
2174
2241
2287
2413
2448
2465
2491
2701
2708
2786
2984
2988
3026
3104
3121
3280
3307
3426
3487
3560
3576
3623
3638
3815
3963
4048
4084
4085
4108
4130
4147
4165
4175
4476
4490
4763
4818
4821
4900
5011
5100
5266
5503
5560
5577
5637
6005
6021
6043
6269
6289
6308
6363
6368
6625
6713
6858
6912
7056
7367
7376
7570
8139
8386
8405
8439
8462
8577
8604
8838
9028
9146
9180
9546
9641
9659
9682
9878
10084
10155
10288
10400
10420
10541
10552
10567
10736
10894
10920
10994
11010
11058
11344
11602
11603
11728
11795
11845
11941
12001
12028
12048
12093
12236
12242
12308
12564
12685
12990
13001
13472
13737
13789
13875
13891
14369
14433
14690
14695
14706
14863
14984
15121
15186
15273
15356
15671
15747
15864
16116
16222
16450
16453
16476
16535
16848
16931
17334
17372
17407
17575
17708
17750
17772
17879
17892
17968
18039
18687
18718
18773
18862
19164
19171
19271
19342
19719
19832
20178
20319
20370
20527
20559
20562
20676
20892
20923
20977
21186
21364
21433
21457
21469
21541
21573
22039
22091
22595
22672
22716
22734
22975
23018
23439
23558
23587
23643
23890
23923
24079
24168
24354
24547
24568
24571
24700
24976
25003
25074
25190
25245
25488
25499
25538
25677
25740
25797
25864
25918
25949
26163
26394
26832
27347
27405
27843
28134
28592
28671
28757
29495
29531
29600
29712
29834
29946
29985
30413
30597
30636
30928
31204
31214
31282
31605
31645
31647
31937
31943
32032
32204
32333
32506
32632
32773
32945
33036
33039
33116
33299
33393
33473
33482
33679
33710
34030
34407
35036
35613
36047
36506
36535
36691
36716
36776
36884
37066
37289
38063
38077
38200
38480
38827
39114
39450
39735
40353
40557
40725
40845
41312
41926
42010
42431
42538
42894
42916
42936
43849
44649
46032
46206
47369
47487
47899
47924
49147
50152
50208
50433
52106
52404
53742
55518
56250
55
153
196
206
274
300
316
329
466
653
834
960
967
1009
1033
1102
1140
1403
1417
1439
1569
1627
1633
1715
1732
1749
1765
1785
1833
1858
1890
2072
2200
2245
2254
2381
2392
2419
2423
2440
2501
2510
2588
2627
2704
2738
2874
2882
2918
3220
3230
3371
3387
3414
3535
3567
3586
3718
4055
4138
4297
4586
4616
4619
4627
4890
4930
4964
5085
5096
5173
5231
5308
5368
5387
5449
5538
6375
6591
6652
6701
6760
6802
6826
6860
6951
7041
7177
7207
7596
7700
7807
7993
8054
8087
8199
8253
8377
8394
8541
8550
8634
8706
8778
8781
8935
9110
9183
9184
9193
9217
9456
9525
9596
9600
9649
9879
9896
9913
9955
10094
10151
10167
10186
10323
10342
10441
10461
10829
10864
10941
10963
11020
11157
11216
11482
11500
11509
11525
11558
11865
12092
12360
12377
12427
12528
12661
12857
12911
13053
13105
13219
13511
13536
13541
13555
13617
13650
13752
13811
13872
13920
14001
14258
14272
14284
14363
14503
14521
14663
14832
14940
14967
15091
15461
15529
15772
15836
15842
15944
15998
16057
16254
16340
16504
16634
16644
16712
16870
16889
16928
16940
16981
17006
17109
17110
17523
17553
17563
17836
17925
17926
17950
18034
18128
18172
18550
18627
18664
18669
18903
19257
19489
19545
19632
19750
19795
19802
19886
19920
20114
20224
20269
20721
20722
20750
20766
20789
20818
20979
21041
21171
21173
21235
21306
21310
21372
21422
21569
21862
21973
21974
22181
22208
22273
22372
22505
22678
22726
22750
22795
22903
22947
22961
22990
23110
23112
23113
23341
23349
23594
23603
24131
24137
24147
24216
24237
24359
24391
24699
24716
24741
24802
24864
24876
24931
24941
25102
25154
25165
25199
25214
25523
25608
25998
26049
26098
26102
26390
26906
27289
27323
27379
27462
27608
28099
28195
28486
28522
28539
28824
29079
29145
29170
29220
29273
29274
29285
29308
29390
29514
29793
29934
30005
30019
30259
30320
30560
30582
30603
30609
30698
30857
30956
30976
31120
31436
31467
31525
31550
31563
31691
31876
32364
32493
32502
32663
32781
32864
33126
33262
33541
33634
33677
33721
34022
34032
34213
34300
34526
34612
34698
34705
35049
35144
35306
35390
35466
35571
35676
35757
36053
36149
36230
36302
36303
36417
36512
36924
37633
38621
38670
38863
38964
39046
39078
39637
39680
39984
39985
40042
40173
40304
40480
40802
41336
41449
41508
41811
41950
41989
42045
42068
42087
42369
42642
42977
43376
43492
43872
44040
44188
44293
44501
44521
44595
44813
45010
45039
45715
45751
45754
46599
46620
46775
46792
47142
47342
47539
47685
47750
47926
48083
49038
49044
49429
49799
50339
50395
50602
50820
50975
51342
51921
52085
52208
52673
53154
54292
55620
56640
61128
62471
76
81
131
204
231
293
296
337
372
408
458
496
580
606
639
713
760
827
903
928
978
1026
1104
1199
1210
1267
1301
1364
1380
1509
1561
1673
1696
1713
1794
1859
1957
2067
2228
2348
2502
2617
2687
2767
2801
2894
2900
3031
3042
3100
3190
3196
3210
3361
3431
3511
3537
3552
3590
3609
3614
3624
3636
3666
3742
3763
3767
3776
3822
3827
3852
3875
3879
3895
3928
3940
3990
4134
4139
4166
4198
4324
4505
4557
4563
4728
4742
4885
5019
5167
5288
5362
5486
5512
5515
5557
5575
5603
5655
5683
5687
5765
5817
5831
5834
6116
6146
6265
6611
6774
6775
6790
6792
6950
7090
7100
7126
7172
7253
7284
7480
7488
7568
7593
7690
7829
7871
7922
7923
7933
8149
8317
8346
8351
8489
8562
8678
8738
8850
8876
8894
8906
8930
8941
9025
9044
9188
9322
9326
9483
9570
9728
9937
10028
10031
10187
10279
10428
10490
10492
10634
10636
10691
10800
10868
10937
10995
11050
11099
11213
11234
11301
11563
11606
11624
11638
11699
11752
11870
11889
11964
12233
12391
12540
12713
12771
12811
12862
12865
12963
12984
13003
13134
13153
13266
13469
13505
13535
13568
13642
13746
13770
13886
13904
13943
14037
14342
14389
14451
14522
14541
14580
14676
14919
14933
14973
15009
15241
15257
15269
15396
15473
15643
15700
15707
15730
15981
16000
16106
16183
16247
16344
16678
16760
16826
16867
16881
16951
16961
16972
17064
17194
17329
17427
17576
17580
17642
17751
17886
17976
18013
18024
18258
18372
18374
18390
18405
18843
18886
19064
19123
19124
19173
19470
19505
19531
19573
19700
19800
19823
19891
19915
20034
20038
20134
20275
20330
20396
20531
20589
20746
20930
20943
21029
21146
21293
21337
21425
21478
21588
21687
21699
21760
21771
21791
21860
22003
22334
22379
22485
22540
22558
22575
22748
22893
23055
23067
23108
23127
23152
23373
23389
23519
23609
23640
23644
23660
23833
24022
24160
24189
24244
24416
24454
24518
24580
24743
24869
24908
24918
24967
24995
25087
25353
25381
25417
25568
25653
25655
25841
26028
26038
26077
26264
26303
26320
26362
26379
26439
26468
26551
26593
26627
26674
26686
26702
26753
26916
27074
27076
27222
27271
27326
27427
27450
27549
27582
27753
27839
27849
27939
27974
28017
28092
28184
28290
28473
28548
28628
28788
28797
28971
28986
29032
29126
29138
29201
29342
29463
29680
29734
29839
29951
29998
30080
30145
30186
30230
30342
30427
30438
30449
30631
30653
30715
30815
30900
30997
31013
31089
31122
31280
31360
31511
31696
31806
32004
32037
32050
32151
32555
32702
32758
32783
32801
32924
32925
32983
33120
33194
33219
33285
33358
33384
33471
33704
33735
33903
34220
34284
34452
34617
34639
34671
34868
35006
35019
35174
35205
35210
35316
35424
35644
35835
35841
35923
36279
36375
36545
36579
36586
36595
36648
36778
36855
36957
36985
37050
37115
37473
37704
38123
38350
38610
38738
38749
38859
38920
38960
39003
39066
39075
39178
39324
39446
39499
39515
39579
39606
39632
39748
39767
39845
39863
39980
40295
40639
40806
40874
40879
40958
41254
41365
41421
41552
41666
41702
41773
41839
41841
41935
41980
41996
42073
42108
42167
42462
42464
42707
42718
42948
43014
43030
43091
43441
43546
43559
43575
43942
44127
44212
44280
44304
44360
44496
44742
44777
44984
45137
45336
46065
46223
46533
47072
47211
47255
47359
47545
47686
47772
47776
48053
48085
48102
48126
48228
48576
48700
48809
48888
49058
49090
49227
49310
49397
49726
49818
49862
49867
50168
50175
50228
50295
50323
50512
50646
50652
50677
51014
51144
51681
51851
52005
52227
53416
53733
54399
54776
54901
55704
56315
57376
57661
60508
5
19
20
142
162
250
263
312
323
393
425
441
449
486
591
650
681
885
963
1019
1022
1075
1098
1146
1161
1217
1231
1302
1381
1598
1666
1694
1758
1795
1827
1830
1874
1900
1901
1913
1946
1987
2014
2031
2117
2125
2219
2238
2248
2250
2317
2328
2330
2357
2359
2405
2487
2586
2634
2746
2772
2814
2815
2861
2878
2888
2903
3014
3064
3078
3127
3223
3224
3244
3277
3325
3399
3444
3538
3561
3653
3674
3696
3773
3848
3854
3937
3967
3974
3994
4066
4209
4295
4480
4499
4621
4712
4809
4833
4962
5107
5200
5235
5336
5397
5533
5591
5606
5700
5752
5915
5921
5960
5988
6131
6140
6239
6261
6293
6394
6395
6585
6661
6667
6871
6923
6992
7065
7093
7149
7160
7219
7329
7353
7392
7466
7496
7539
7575
7577
7625
7675
7818
7830
8048
8061
8071
8083
8113
8122
8172
8229
8286
8289
8393
8430
8466
8582
8598
8601
8654
8793
8836
9064
9073
9149
9171
9436
9513
9557
9721
9740
9865
9950
10077
10136
10150
10391
10537
10545
10562
10607
10608
10732
10797
10860
11068
11240
11282
11683
11749
11844
11910
11935
11946
11949
11954
12102
12157
12218
12256
12285
12310
12386
12414
12539
12655
12699
12765
12859
13008
13046
13090
13092
13145
13189
13263
13330
13374
13398
13586
13636
13840
13851
13858
13931
13954
14106
14206
14212
14332
14441
14550
14553
14593
14730
14868
14946
14968
14980
15031
15114
15151
15154
15199
15374
15393
15605
15676
15695
15717
15784
15796
15937
15988
16033
16071
16189
16228
16275
16300
16304
16335
16392
16419
16643
16670
16673
16830
16885
16959
16976
16986
17025
17044
17098
17271
17333
17478
17594
17752
17844
17852
17861
17893
17901
17983
17997
18014
18063
18104
18105
18296
18303
18362
18426
18599
18625
18632
18660
18728
18796
18833
18834
19021
19119
19196
19334
19354
19390
19421
19521
19553
19779
19825
19894
19948
19963
19966
19992
19999
20001
20168
20169
20185
20277
20406
20416
20549
20583
20650
20690
20708
20826
20879
20886
20940
20949
20951
21053
21066
21162
21219
21366
21382
21387
21406
21415
21430
21565
21579
21639
21733
21783
21830
21911
21972
22114
22309
22648
22679
22823
22856
22883
22973
23232
23240
23297
23365
23426
23428
23429
23595
23607
23622
23683
23701
23837
23864
23964
24103
24108
24268
24277
24344
24405
24420
24480
24544
24592
24636
24694
24749
24839
24892
24895
24965
24978
25061
25108
25366
25439
25497
25599
25612
25659
25689
25781
25791
25802
25812
25861
25920
25939
26068
26127
26171
26184
26240
26288
26361
26418
26420
26435
26445
26454
26455
26589
26601
26611
26613
26623
26631
26701
26705
26751
26830
26855
27071
27114
27232
27245
27283
27312
27327
27400
27446
27485
27563
27565
27602
27607
27610
27611
27626
27766
27796
27875
27963
27989
28081
28118
28169
28217
28252
28279
28401
28460
28553
28668
28672
28689
28808
28825
28956
29024
29140
29202
29397
29481
29496
29500
29513
29528
29634
29635
29661
29673
29901
29935
30022
30129
30238
30246
30266
30284
30293
30356
30662
30689
30809
30825
30864
30876
30953
30968
30992
31018
31046
31072
31124
31338
31357
31359
31441
31539
31601
31661
31719
31728
31731
31813
31882
31911
31930
31998
32099
32112
32114
32158
32170
32348
32397
32399
32432
32464
32498
32519
32652
32738
32791
32897
32959
33200
33266
33348
33474
33479
33507
33670
33683
33719
33827
33887
33904
33916
33925
33964
34011
34083
34146
34219
34234
34285
34313
34446
34494
34505
34540
34744
34779
34840
34867
34965
35007
35018
35103
35148
35181
35188
35200
35225
35256
35493
35498
35635
35643
35699
35706
35736
35743
35840
35922
35984
35987
36026
36034
36097
36118
36238
36317
36383
36385
36397
36826
36922
36925
37028
37042
37061
37131
37133
37233
37297
37311
37369
37371
37373
37385
37470
37502
37524
37586
37604
37646
37708
37811
37926
37995
38031
38082
38211
38260
38375
38426
38435
38463
38490
38514
38515
38569
38797
38856
38933
39288
39313
39489
39493
39574
39595
39631
39669
39690
39698
39799
39816
39829
39862
39910
39963
40211
40291
40293
40379
40399
40491
40545
40604
40733
40762
40842
41091
41127
41140
41285
41381
41424
41454
41590
41671
41719
42020
42129
42139
42149
42150
42185
42344
42370
42386
42601
42613
42680
42749
42839
42872
42906
43003
43187
43209
43278
43393
43407
43409
43566
43620
43637
43650
43781
43835
44046
44130
44268
44390
44582
44640
44673
44912
44913
44937
44940
44969
44983
44995
45045
45051
45131
45190
45195
45362
45376
45434
45536
45602
45626
45657
45680
45809
45862
46033
46068
46077
46290
46303
46336
46353
46418
46448
46631
46673
46893
46967
47066
47126
47183
47252
47357
47500
47577
47733
47795
48181
48256
48450
48543
48592
48760
48768
48933
49161
49196
49216
49465
49571
49759
49978
50348
50380
50513
50546
50821
50885
50903
50920
51101
51334
51417
51420
51550
51573
51620
51725
51782
51791
51887
52024
52104
52123
52266
52370
52393
52506
52588
52703
52745
52897
52991
53028
53132
53563
53732
53740
53775
53884
53959
53972
54029
54144
54309
54531
54646
55009
55088
55597
55916
56113
56365
56578
56738
56840
57096
57172
57956
58456
58846
59128
59344
59567
59669
61
91
138
159
217
226
249
283
287
343
365
465
513
607
676
779
803
807
892
921
977
1029
1204
1226
1255
1284
1297
1306
1308
1325
1336
1355
1362
1525
1542
1660
1699
1725
1728
1778
1801
1811
1819
1836
1867
1888
1897
2053
2086
2145
2147
2231
2278
2380
2387
2542
2543
2622
2642
2660
2720
2769
2770
2771
2842
2865
2875
2876
2879
2939
2986
3255
3313
3326
3353
3354
3362
3373
3416
3478
3479
3546
3603
3663
3711
3868
3927
3973
4002
4088
4145
4172
4208
4288
4331
4431
4447
4519
4542
4585
4722
4723
4824
4826
4839
4922
5006
5016
5114
5138
5157
5171
5236
5345
5448
5505
5543
5554
5558
5594
5651
5665
5666
5690
5761
5929
5932
5963
6012
6057
6087
6118
6168
6424
6500
6645
6688
6748
6827
6954
7254
7299
7321
7340
7365
7471
7478
7529
7586
7598
7670
7948
7954
8018
8086
8099
8137
8140
8170
8192
8201
8239
8268
8287
8333
8372
8410
8556
8568
8613
8707
8779
8887
8932
8967
9020
9031
9034
9069
9091
9232
9386
9454
9462
9639
9796
9799
9880
9914
9932
10011
10038
10139
10209
10251
10270
10284
10336
10341
10354
10406
10456
10479
10612
10640
10753
10756
10772
10998
11031
11052
11089
11119
11137
11196
11304
11371
11419
11488
11640
11648
11663
11717
11839
11853
11881
11906
11915
11924
11993
11995
12024
12150
12288
12289
12334
12388
12500
12509
12527
12623
12638
12646
12873
12924
12947
12959
13084
13086
13091
13128
13137
13177
13201
13222
13331
13395
13405
13507
13545
13579
13582
13649
13722
13870
13921
13929
13934
13978
14033
14079
14156
14176
14207
14373
14468
14495
14562
14582
14584
14728
14731
14745
14853
14872
14880
14943
15061
15115
15251
15310
15348
15430
15444
15497
15512
15543
15686
15709
15763
15829
15932
15965
16003
16029
16055
16164
16191
16197
16281
16474
16623
16638
16639
16703
16730
16743
16877
16882
16900
16916
16921
16926
16933
17066
17069
17153
17198
17229
17230
17286
17287
17290
17299
17307
17327
17343
17352
17489
17560
17571
17596
17639
17689
17881
17962
18020
18065
18094
18176
18199
18294
18299
18332
18461
18484
18578
18639
18699
18700
18732
18745
18782
18792
18815
18822
18850
18860
18908
18973
19003
19007
19011
19071
19132
19195
19207
19231
19260
19293
19318
19329
19331
19349
19355
19425
19556
19561
19720
19724
19730
19749
19792
19954
19974
20161
20211
20212
20214
20243
20289
20291
20310
20331
20376
20523
20539
20556
20595
20600
20631
20654
20686
20706
20852
20876
20897
20925
20981
21027
21103
21135
21147
21167
21172
21193
21459
21468
21484
21489
21562
21611
21626
21644
21671
21918
22001
22161
22175
22178
22262
22291
22305
22319
22353
22364
22439
22445
22478
22525
22560
22640
22704
22751
22763
22790
22884
22906
22922
23010
23293
23372
23407
23455
23463
23465
23511
23623
23628
23702
23712
23744
23745
23783
23797
23849
23939
23951
23965
24088
24201
24207
24308
24313
24320
24404
24433
24496
24513
24553
24562
24657
24666
24695
24735
24766
24784
24867
24938
24940
25021
25139
25147
25205
25251
25274
25312
25339
25347
25358
25394
25432
25440
25453
25602
25622
25631
25734
25747
25786
25800
25801
25821
25827
25855
25857
25877
25933
25967
26024
26035
26136
26194
26204
26213
26252
26253
26286
26287
26309
26310
26397
26400
26424
26434
26444
26528
26530
26566
26600
26637
26648
26657
26706
26714
26754
26761
26823
26827
26831
26896
26976
27016
27026
27046
27099
27261
27276
27278
27290
27313
27332
27445
27521
27566
27612
27621
27643
27673
27690
27706
27727
27737
27776
27804
27869
27872
27876
27882
27911
27994
28035
28191
28209
28214
28233
28256
28292
28316
28376
28378
28402
28411
28534
28598
28633
28867
28874
28889
28912
28974
28983
29031
29093
29113
29129
29205
29242
29316
29348
29385
29462
29510
29592
29701
29764
29778
29868
29887
29899
29900
29993
30008
30091
30273
30277
30328
30359
30442
30620
30641
30733
30776
30821
30891
30894
30901
30937
30941
30973
31056
31066
31071
31084
31138
31140
31178
31198
31234
31303
31321
31431
31450
31510
31531
31574
31600
31620
31693
31724
31785
31788
31815
31865
31868
31879
32003
32048
32066
32148
32173
32225
32272
32339
32346
32350
32352
32353
32357
32404
32422
32492
32495
32508
32512
32596
32603
32612
32714
32741
32835
32846
32873
32898
32926
32934
33002
33021
33068
33108
33157
33236
33253
33293
33387
33390
33465
33489
33512
33539
33547
33553
33574
33580
33635
33684
33711
33939
33972
33987
34192
34224
34318
34362
34384
34420
34489
34586
34633
34645
34696
34872
34944
34975
35135
35199
35267
35269
35336
35351
35394
35397
35404
35449
35499
35515
35659
35681
35776
35779
35783
35831
35848
35858
35869
35958
35966
35994
36055
36116
36126
36164
36220
36298
36373
36396
36453
36500
36520
36550
36556
36594
36603
36650
36692
36744
36825
36840
36886
36978
37037
37058
37087
37114
37122
37143
37215
37218
37221
37320
37374
37378
37430
37510
37511
37737
37747
37828
37865
37901
37904
37972
38010
38018
38074
38238
38274
38317
38445
38457
38501
38547
38591
38595
38634
38666
38678
38701
38817
38940
38941
39067
39080
39091
39165
39206
39283
39290
39437
39451
39473
39488
39514
39526
39583
39590
39630
39864
39937
39955
39979
40012
40136
40157
40168
40190
40269
40303
40344
40351
40358
40368
40376
40407
40467
40481
40575
40652
40659
40660
40669
40721
40744
40869
40930
40979
41133
41268
41303
41304
41343
41349
41366
41367
41475
41492
41497
41501
41569
41580
41644
41676
41720
41770
41772
41805
41831
41860
41862
41882
41913
41914
41992
42000
42012
42034
42118
42131
42190
42233
42248
42277
42287
42425
42466
42485
42505
42546
42558
42586
42676
42779
42786
42814
42828
42850
42853
42915
42925
42937
42944
42983
43077
43088
43107
43111
43157
43166
43176
43184
43282
43329
43383
43387
43431
43500
43514
43523
43565
43576
43578
43605
43685
43702
43720
43759
43829
43836
43990
44001
44092
44098
44157
44172
44179
44257
44282
44307
44315
44516
44538
44602
44656
44725
44782
44792
44809
44849
44891
44895
45044
45047
45049
45063
45109
45127
45139
45147
45199
45208
45210
45236
45473
45613
45695
45709
45735
45787
45806
45852
45918
45971
46094
46111
46114
46132
46136
46186
46195
46222
46269
46279
46301
46369
46419
46466
46497
46600
46652
46742
46756
46822
46857
46985
47075
47118
47240
47345
47364
47448
47566
47606
47644
47656
47659
47680
47715
47740
47753
47780
47781
47823
47835
47928
47946
48015
48098
48133
48165
48202
48278
48307
48324
48375
48385
48538
48552
48553
48607
48632
48651
48730
48804
48901
48902
48919
48981
48998
49076
49122
49177
49228
49297
49318
49335
49370
49411
49443
49448
49541
49574
49588
49694
49828
49837
49855
49874
49936
50020
50062
50098
50118
50183
50257
50338
50506
50508
50539
50545
50558
50791
50884
50887
50891
50898
50962
51072
51076
51093
51223
51242
51310
51313
51325
51545
51599
51608
51675
51709
51931
51954
51958
51981
52028
52139
52185
52186
52226
52236
52244
52261
52299
52330
52331
52401
52410
52442
52466
52529
52553
52606
52649
52761
52791
52842
52863
52877
52917
53037
53093
53202
53219
53251
53291
53303
53331
53344
53356
53410
53474
53543
53589
53627
53643
53768
53771
53840
53851
53873
53881
54016
54020
54111
54205
54279
54305
54326
54369
54371
54404
54410
54467
54601
54643
54743
54947
55010
55013
55084
55151
55198
55203
55221
55238
55259
55334
55498
55539
55578
55585
55649
55689
55827
55962
56011
56063
56136
56291
56369
56484
56526
56537
56747
57075
57112
57149
57281
57330
57550
57617
57688
57701
57952
58098
58183
58294
58325
58383
58440
58666
58721
58920
58962
59081
59114
59263
59320
59481
59536
59566
59648
59697
59847
60002
60078
60605
60692
60735
60798
61011
61522
4
22
23
158
216
271
273
384
398
403
453
459
472
491
538
561
628
657
693
784
789
815
838
945
1001
1048
1096
1133
1206
1314
1339
1384
1400
1406
1430
1495
1573
1590
1674
1741
1797
1868
1873
1977
2026
2034
2077
2111
2165
2195
2260
2269
2356
2411
2417
2420
2494
2529
2621
2628
2686
2700
2796
2885
2901
2941
2952
3028
3185
3204
3294
3365
3386
3411
3456
3477
3568
3601
3619
3669
3704
3744
3762
3823
3904
3968
3969
3970
4022
4030
4059
4062
4157
4183
4190
4270
4291
4302
4350
4369
4386
4402
4425
4474
4475
4591
4613
4628
4633
4733
4749
4865
4988
5003
5077
5136
5326
5330
5334
5380
5474
5479
5489
5504
5625
5663
5712
5736
5746
5806
5825
5896
6092
6130
6148
6165
6166
6169
6185
6209
6272
6428
6486
6516
6520
6523
6550
6609
6619
6622
6630
6654
6731
6800
6804
6808
6856
7006
7034
7067
7161
7166
7225
7298
7324
7348
7359
7429
7455
7477
7485
7500
7527
7534
7600
7692
7705
7729
7731
7746
7771
7815
7822
7838
7852
7893
7920
8013
8031
8058
8093
8131
8248
8388
8401
8453
8487
8518
8538
8580
8680
8783
8830
8916
8926
8951
8956
8998
9045
9066
9206
9339
9347
9409
9437
9559
9660
9704
9818
9921
9922
9953
9999
10014
10020
10079
10085
10125
10126
10257
10290
10380
10401
10455
10489
10503
10635
10692
10697
10699
10705
10716
10798
10842
10854
10883
10892
11054
11246
11295
11331
11355
11412
11453
11514
11529
11555
11591
11660
11753
11757
11840
11869
11885
11888
11996
12050
12167
12195
12329
12361
12385
12404
12459
12515
12537
12598
12705
12729
12793
12882
12897
12937
12950
12979
12991
13014
13031
13156
13206
13226
13254
13264
13392
13432
13477
13619
13655
13663
13723
13836
13939
13988
14045
14089
14151
14173
14191
14210
14263
14265
14287
14459
14612
14669
14717
14750
14787
14788
14861
14875
14901
14950
14983
15048
15065
15097
15132
15174
15187
15216
15221
15311
15412
15440
15460
15472
15571
15573
15585
15632
15635
15656
15657
15666
15668
15708
15801
15830
15831
15838
15893
15907
16114
16177
16182
16185
16198
16224
16360
16407
16425
16432
16475
16483
16495
16513
16537
16539
16556
16560
16614
16629
16635
16687
16719
16728
16731
16761
16784
16791
17018
17053
17099
17116
17151
17228
17233
17268
17288
17289
17378
17476
17490
17537
17541
17595
17605
17625
17683
17704
17758
17810
17853
17911
17924
18011
18077
18085
18093
18095
18189
18241
18308
18334
18367
18393
18399
18428
18494
18517
18581
18595
18629
18755
18810
18867
18890
18940
18945
18983
18999
19118
19177
19185
19205
19248
19251
19301
19347
19423
19456
19507
19536
19558
19600
19653
19655
19671
19744
19746
19856
19892
19933
19994
20006
20009
20133
20149
20210
20248
20261
20278
20344
20392
20393
20400
20412
20498
20518
20555
20591
20596
20633
20642
20727
20966
20978
21003
21065
21116
21215
21230
21257
21261
21287
21339
21356
21405
21423
21450
21508
21525
21532
21568
21637
21696
21698
21756
21757
21763
21842
21865
21897
21898
21945
21976
21984
22020
22054
22062
22063
22100
22150
22280
22318
22346
22386
22397
22427
22440
22443
22471
22479
22508
22597
22628
22685
22689
22741
22822
22839
22876
22909
22913
22929
22946
22953
22969
23008
23039
23059
23080
23096
23098
23275
23339
23393
23401
23408
23506
23551
23559
23591
23620
23625
23655
23670
23717
23727
23828
23863
23867
23911
23984
24135
24217
24300
24305
24345
24355
24361
24372
24381
24429
24493
24505
24670
24702
24785
24854
24872
24875
24907
24929
24952
24974
25038
25042
25045
25058
25103
25109
25118
25145
25249
25286
25419
25434
25438
25515
25567
25569
25600
25605
25614
25623
25660
25698
25699
25767
25923
25930
25937
25973
26006
26007
26027
26092
26203
26254
26268
26273
26323
26333
26373
26428
26497
26535
26541
26550
26596
26599
26605
26629
26809
26816
26818
26828
26849
26863
26865
26893
26921
27030
27048
27072
27112
27122
27157
27190
27205
27223
27237
27277
27314
27338
27351
27356
27383
27421
27424
27438
27475
27495
27497
27537
27564
27569
27580
27598
27646
27712
27716
27777
27819
27822
27828
27860
27993
28025
28057
28074
28095
28115
28119
28127
28188
28244
28325
28333
28337
28342
28359
28403
28415
28439
28441
28533
28586
28718
28779
28795
28920
28953
29017
29023
29038
29072
29131
29178
29187
29208
29211
29266
29362
29402
29427
29453
29489
29539
29556
29649
29745
29789
29798
29799
29858
29925
29962
29994
29997
30006
30007
30009
30023
30074
30109
30232
30249
30372
30394
30401
30411
30441
30458
30501
30504
30553
30565
30572
30601
30602
30649
30669
30690
30696
30703
30708
30741
30748
30755
30761
30770
30778
30782
30814
30839
30847
30848
31026
31053
31099
31104
31105
31108
31132
31171
31196
31283
31309
31316
31317
31337
31362
31389
31403
31453
31480
31482
31505
31538
31554
31571
31572
31613
31640
31668
31679
31702
31872
31895
31960
31991
32082
32087
32095
32141
32164
32179
32210
32238
32301
32344
32351
32384
32476
32479
32550
32552
32590
32602
32614
32634
32645
32659
32690
32719
32720
32736
32739
32882
32886
32894
32907
32909
32956
33016
33025
33037
33041
33069
33118
33135
33141
33152
33184
33208
33215
33257
33277
33284
33346
33376
33408
33463
33618
33674
33676
33785
33820
33872
33906
33912
33992
34057
34059
34062
34113
34167
34225
34239
34240
34320
34451
34467
34495
34498
34518
34523
34538
34544
34558
34569
34584
34620
34635
34663
34708
34791
34809
34843
34914
34928
34942
34963
35009
35022
35076
35171
35226
35283
35303
35399
35410
35417
35427
35563
35564
35595
35624
35693
35695
35745
35758
35791
35832
35833
35843
35847
35866
35877
35938
35955
36025
36056
36113
36120
36162
36214
36229
36250
36313
36365
36408
36449
36486
36487
36498
36539
36542
36646
36678
36680
36743
36803
36805
36828
36843
36844
36943
37048
37081
37086
37091
37117
37118
37140
37151
37159
37200
37222
37239
37250
37256
37347
37351
37412
37441
37443
37450
37467
37491
37492
37507
37517
37549
37642
37649
37715
37716
37730
37859
37899
37907
37914
37929
37963
38048
38103
38165
38184
38236
38269
38298
38304
38324
38382
38413
38510
38533
38554
38573
38581
38602
38620
38628
38647
38724
38732
38801
38834
38864
38868
38913
38917
38926
38958
38974
38986
39071
39084
39085
39143
39152
39187
39195
39224
39270
39328
39407
39414
39477
39570
39664
39830
39851
39871
39897
39899
39944
40026
40044
40054
40066
40084
40088
40089
40104
40105
40131
40186
40201
40242
40245
40275
40279
40314
40328
40336
40370
40388
40401
40417
40423
40503
40517
40553
40570
40630
40726
40751
40757
40780
40809
40828
40836
40860
40894
40909
40912
40948
40956
40960
40966
41013
41018
41086
41100
41194
41199
41232
41377
41390
41391
41412
41431
41434
41465
41507
41511
41567
41575
41576
41643
41660
41680
41681
41700
41768
41788
41833
41855
41891
41894
41898
41915
41933
41942
42001
42023
42105
42153
42155
42177
42245
42276
42343
42388
42537
42572
42628
42646
42660
42675
42688
42694
42715
42820
42821
42829
42860
42935
43000
43015
43025
43050
43078
43129
43130
43141
43159
43182
43186
43221
43256
43279
43289
43291
43300
43301
43337
43370
43386
43421
43454
43472
43509
43512
43538
43549
43619
43635
43639
43713
43738
43785
43791
43800
43824
43828
43850
43866
43962
43971
43980
43986
43997
44083
44105
44118
44131
44156
44160
44170
44192
44214
44236
44262
44289
44296
44362
44408
44449
44461
44491
44492
44500
44525
44540
44549
44554
44575
44596
44629
44660
44669
44856
44980
44990
45038
45068
45070
45072
45158
45164
45201
45206
45215
45271
45319
45328
45364
45420
45424
45429
45478
45510
45556
45562
45661
45666
45691
45701
45706
45707
45765
45814
45834
45860
45889
45891
45901
46008
