0.999968031713
0.999936063936
0.99980819794
0.99980819794
0.999712303809
0.999680340121
0.999648376943
0.999584452121
0.999552490477
0.99945660861
0.999424649009
0.99939268992
0.999360731341
0.999328773274
0.999296815718
0.999264858672
0.999232902138
0.999137035601
0.999009220705
0.998785564311
0.998625825074
0.99859387876
0.998561932957
0.998370268868
0.998210562846
0.998210562846
0.998050869599
0.998050869599
0.998018932483
0.997891189128
0.997859254566
0.997635726945
0.997603796472
0.99757186651
0.997539937058
0.997476079689
0.997380297467
0.997380297467
0.997348371082
0.99722067065
0.99718874682
0.997156823501
0.997124900693
0.997061056609
0.997029135334
0.99699721457
0.996901455343
0.996901455343
0.996837618413
0.996805700715
0.996773783528
0.996582291135
0.996550377525
0.996422728194
0.996390817139
0.996295087039
0.996263178028
0.996103640637
0.996071734692
0.995976019922
0.995912212631
0.995880309752
0.995848407383
0.99578460418
0.995752703345
0.995657003905
0.995625105114
0.995561309065
0.995529411807
0.995274252137
0.995242359478
0.995178575693
0.995146684567
0.995019125172
0.994987236601
0.994827801411
0.994795915905
0.994700262456
0.994668378995
0.994604613606
0.994540850261
0.994445209075
0.99428581732
0.99428581732
0.994253940502
0.994094564076
0.994062690324
0.993903329229
0.993871458543
0.993839588368
0.993807718704
0.993712112778
0.99361651145
0.99361651145
0.993584645363
0.993520914722
0.993489050168
0.993329735063
0.993297873575
0.993202292177
0.993170432733
0.993043000067
0.993011143178
0.992883720732
0.992851866398
0.992788159263
0.992756306462
0.992724454172
0.992692602393
0.992660751125
0.992628900368
0.992405959377
0.992374112708
0.992183043425
0.992151200334
0.992055674124
0.992023833076
0.991991992539
0.991960152513
0.991896473994
0.991864635501
0.991832797519
0.991737286639
0.991705450701
0.991673615274
0.991641780359
0.991609945954
0.991514445805
0.991482613444
0.991450781594
0.991418950255
0.991387119427
0.99135528911
0.99129163001
0.991259801226
0.991227972953
0.991196145191
0.990941541492
0.990909718329
0.990846073536
0.990814251906
0.990718790083
0.990686970497
0.990527880233
0.990496063713
0.990400617219
0.990368802743
0.990305175325
0.990273362382
0.99024154995
0.990209738029
0.99017792662
0.990114305333
0.99005068609
0.989987068892
0.989987068892
0.989955261059
0.989828034838
0.98979622956
0.989764424793
0.989732620537
0.989669013559
0.989637210836
0.989541805733
0.989510005055
0.989414606084
0.98938280745
0.989351009326
0.989319211713
0.989287414611
0.98925561802
0.989160231314
0.989128436767
0.989096642732
0.989064849207
0.988905889248
0.988874098789
0.988810519405
0.988778730479
0.988715154161
0.988683366768
0.988556222307
0.988524437469
0.988015951095
0.987984174944
0.987825301856
0.987793528771
0.987634671013
0.987602900994
0.987412291614
0.987380525172
0.987316993822
0.987285228913
0.987126412035
0.987094650192
0.98703112804
0.98699936773
0.986808816604
0.986777059871
0.986745303649
0.986650038051
0.986554777051
0.986523024406
0.986427769538
0.986396018938
0.986269021646
0.9862372736
0.986173779042
0.986142032529
0.986015051589
0.985983307631
0.985888078825
0.985856336911
0.985792854617
0.985761114237
0.985697635009
0.985602419999
0.985570682684
0.985538945881
0.985412003777
0.985316802564
0.985285069849
0.985062955148
0.985062955148
0.985031226521
0.984872591048
0.984840865487
0.984682245344
0.984650522849
0.984555358429
0.984491918037
0.984460198607
0.984428479689
0.984301609125
0.984269892761
0.984206461568
0.984174746737
0.984047892525
0.98401618025
0.98392104649
0.983889336258
0.983857626538
0.983825917328
0.98379420863
0.983762500443
0.983699085601
0.983667378946
0.983635672803
0.983603967171
0.983540557439
0.983508853339
0.983350340507
0.983318639474
0.98319184045
0.983160141972
0.983065049603
0.983033353169
0.983001657245
0.982969961833
0.98277980009
0.982748108254
0.982589656743
0.982557967973
0.982526279715
0.982494591968
0.982431218006
0.982146060473
0.982146060473
0.982114378858
0.981955978446
0.981924299897
0.98179759081
0.981765914816
0.981734239332
0.98170256436
0.981575869581
0.981544197164
0.981449182978
0.981417512605
0.981259168403
0.981227501096
0.9811958343
0.981164168015
0.981069172225
0.981005844253
0.980847533267
0.980720893676
0.980720893676
0.980689235056
0.980594262261
0.98043598449
0.980372676959
0.98034102396
0.980277719495
0.980246068028
0.980151116696
0.980119467274
0.979929581472
0.979897935626
0.979866290292
0.979834645469
0.979771357356
0.979739714066
0.979613146015
0.97958150528
0.979170222224
0.979138588643
0.979075323014
0.979043690966
0.979012059429
0.978948797887
0.978917167883
0.97888553839
0.978759025528
0.97872739859
0.978695772163
0.978664146247
0.978347915191
0.978316294896
0.978253055839
0.978221437077
0.978158201085
0.978126583856
0.978063350931
0.978031735235
0.977968505376
0.977936891213
0.977778828063
0.977747216966
0.977620777688
0.977589169146
0.977494346586
0.977336319206
0.977336319206
0.977304715263
0.97724150891
0.9772099065
0.977146703213
0.977115102336
0.976988703938
0.976957105616
0.976767526415
0.97673593167
0.976672743713
0.976641150501
0.97657796561
0.976546373931
0.976451601961
0.976420012326
0.976356834589
0.976325246487
0.976293658896
0.976262071816
0.976230485247
0.976198899189
0.976104144081
0.976072560067
0.976040976565
0.976009393573
0.975819906352
0.975788326937
0.97553571308
0.975504138264
0.975472563959
0.975440990166
0.975377844111
0.97534627185
0.975219987916
0.975188418211
0.975125280332
0.975093712159
0.974904313853
0.974872749257
0.974714933943
0.974651811394
0.97458869089
0.974557131404
0.974494013965
0.97443089857
0.97436778522
0.974336229311
0.974241564651
0.974210010786
0.974115352257
0.974083800437
0.973957598264
0.973926048998
0.973831404266
0.973799857045
0.973736764134
0.973705218445
0.9735790408
0.973547497667
0.973452871331
0.973421330242
0.973295170993
0.973263632458
0.973200556921
0.97316901992
0.97307441198
0.973042877023
0.972948275216
0.972916742302
0.972727556062
0.972632969585
0.972601441781
0.972569914488
0.972538387706
0.972506861436
0.97241228569
0.972380761463
0.972317714543
0.972286191849
0.972254669666
0.972223147995
0.972128586046
0.972097066418
0.972065547301
0.972034028696
0.971939475945
0.971907959383
0.971844927793
0.971813412764
0.97175038424
0.971718870744
0.97168735776
0.971655845286
0.971592821872
0.971561310931
0.971403763893
0.971372256018
0.971309241802
0.971277735461
0.971151715204
0.971120211417
0.97096270015
0.970931199429
0.970805201657
0.970773703491
0.97067921206
0.970584725229
0.970584725229
0.97055323064
0.97045874994
0.970427257396
0.970395765362
0.97036427384
0.970301292328
0.970269802338
0.970206823892
0.970175335435
0.970049386719
0.970017900818
0.969954930548
0.969923446179
0.96982899614
0.969797513815
0.969640109858
0.969608630599
0.96951419589
0.969482718675
0.969356814927
0.969325340268
0.969230919355
0.96919944674
0.969073561388
0.969042091327
0.968947684212
0.968916216196
0.968821815212
0.96879034924
0.968695954389
0.96866449046
0.968507178483
0.96847571762
0.968318420973
0.968286963177
0.968255505892
0.968224049117
0.968192592854
0.968161137101
0.96812968186
0.967972413318
0.967940961143
0.967909509478
0.967815157551
0.967689362135
0.967563575407
0.967374909878
0.967374909878
0.967343467411
0.967280584012
0.967249143078
0.967217702656
0.967186262745
0.967060508209
0.967029070853
0.966871891736
0.966777590398
0.966746157641
0.966714725395
0.966683293659
0.966557571828
0.966526142648
0.966494713979
0.966400431037
0.96621187895
0.96621187895
0.966180455391
0.966086187779
0.966054766264
0.965991924766
0.965960504784
0.965866247903
0.965834829965
0.965709163322
0.965677747939
0.965520678687
0.96548926637
0.965395032484
0.965363622211
0.965332212449
0.965269394458
0.965237986228
0.96520657851
0.965018142932
0.964986738791
0.964923932041
0.964892529433
0.96482972575
0.964798324674
0.964735524057
0.964704124515
0.964609928954
0.964578531456
0.96442155163
0.964390157198
0.964358763277
0.964327369867
0.96426458458
0.964233192702
0.964107630304
0.964076240982
0.963982076081
0.963950688803
0.963825144801
0.963793760078
0.963730992164
0.963699608974
0.96360546247
0.963574081324
0.963479940951
0.963448561849
0.963385805178
0.963354427609
0.963260297968
0.963228922443
0.963103425452
0.963009308075
0.962977936638
0.962946565712
0.962852456
0.962821087118
0.962789718747
0.962758350887
0.962726983538
0.962695616699
0.962538790174
0.962476063141
0.962444700391
0.962413338152
0.962256534622
0.962225175449
0.962099744378
0.96206838776
0.962005676057
0.961974320972
0.961848905742
0.961817553212
0.961692148202
0.961566751368
0.961504056017
0.961472709108
0.961347326582
0.961315982228
0.961221952232
0.961190609922
0.961127926835
0.961065245793
0.961033906038
0.961002566794
0.960971228061
0.960939889839
0.960877214928
0.960845878239
0.960783206394
0.960751871238
0.960657868836
0.960626535724
0.960438547784
0.960407218249
0.960344560712
0.96031323271
0.960219251771
0.960187925813
0.960156600366
0.96012527543
0.960031303688
0.959999980797
0.959906015187
0.959780734861
0.959718097765
0.959686779983
0.959624145952
0.959592829703
0.959373630269
0.959311006459
0.95927969532
0.959248384692
0.959154455875
0.959123147291
0.959029224605
0.958997918066
0.958966612037
0.958935306519
0.958841393031
0.958810089558
0.958716182202
0.958684880773
0.958590979549
0.958559680163
0.958465785072
0.95843448773
0.95837189458
0.958340598771
0.958309303473
0.958278008686
0.958246714411
0.958215420646
0.958152834649
0.958121542418
0.958027668788
0.957996378601
0.957933799758
0.957902511103
0.957777361594
0.957683504828
0.957652220262
0.957620936206
0.957558369627
0.957401962124
0.957370682156
0.957339402699
0.957245567395
0.957214289983
0.95715173669
0.957120460811
0.956995362402
0.956995362402
0.956901543961
0.956870272169
0.956839000888
0.956495050527
0.956463785378
0.956401256614
0.956369992999
0.9563074673
0.956276205218
0.956213682585
0.956182422036
0.956119902469
0.956088643453
0.956057384947
0.956026126953
0.955932356035
0.955901100084
0.955838589716
0.955807335298
0.955619819524
0.955588568683
0.955432322145
0.955401074371
0.955276088382
0.955276088382
0.955244843163
0.955182354257
0.955119867395
0.955026140934
0.954932419072
0.954901179474
0.954869940386
0.954744989146
0.954713752613
0.954651281081
0.954620046082
0.954495111194
0.954463878749
0.954432646816
0.954401415393
0.954370184482
0.954338954081
0.954182809744
0.954151582409
0.953995453402
0.953870559394
0.953870559394
0.953839337169
0.953776894253
0.953745673562
0.953714453381
0.953683233712
0.953433494752
0.953402279682
0.95327742451
0.95321499999
0.953090157083
0.952902908051
0.952902908051
0.952871701668
0.952715677416
0.952622068996
0.952559665939
0.952528465176
0.952403667237
0.952372469029
0.95224768131
0.952216485657
0.952060515061
0.952029322474
0.951966938835
0.951935747781
0.951810988678
0.951779800179
0.951717424716
0.95168623775
0.951655051296
0.951623865353
0.95159267992
0.951561494999
0.951374396202
0.951343214858
0.951249673891
0.951218494591
0.951093782499
0.951062605754
0.951000253797
0.950969078584
0.950844382845
0.950813210188
0.950719695282
0.950688524669
0.950626184975
0.950595015895
0.950470344684
0.950439178159
0.950252189738
0.95022102679
0.950096380107
0.950065219714
0.949909425413
0.949878268085
0.949847111269
0.949815954964
0.949722489114
0.949691334853
0.949629027864
0.949597875136
0.949379820346
0.949348671706
0.949317523577
0.949286375959
0.949224082255
0.94919293617
0.949161790596
0.949130645533
0.948943785885
0.948881503424
0.948881503424
0.948788083564
0.948632394018
0.948601257642
0.94850785158
0.948383317317
0.948383317317
0.948383317317
0.948352185029
0.948321053252
0.948227660987
0.948134273321
0.94797863743
0.947947511785
0.947916386651
0.947791891225
0.947760768645
0.947605163415
0.947574043902
0.947480688429
0.94744957096
0.947387337555
0.947356221619
0.947231762984
0.947200649603
0.947169536733
0.947138424374
0.947076201189
0.947045090363
0.946920652169
0.946858436138
0.946858436138
0.946858436138
0.946827328889
0.946765115924
0.946734010208
0.946609592454
0.946578489293
0.946485182876
0.946454081759
0.946391881058
0.946360781474
0.946267485788
0.946236388248
0.946174194701
0.946143098694
0.946049813739
0.946018719776
0.945956533383
0.945925440953
0.945894349034
0.945863257626
0.945738897105
0.945707808252
0.94558345795
0.945552371652
0.945521285865
0.945490200589
0.945396947827
0.945365864595
0.945179375935
0.94514829628
0.945055060381
0.94502398277
0.944992905671
0.944961829082
0.944899677437
0.944868602381
0.944775380279
0.944744307267
0.94462002033
0.944588949873
0.944526810492
0.944495741568
0.944402537863
0.944340404614
0.944309338756
0.944278273409
0.944185080435
0.944154017132
0.94412295434
0.944091892059
0.944029769031
0.943998708283
0.943967648046
0.94393658832
0.943905529105
0.943874470402
0.943843412209
0.943812354527
0.943781297356
0.943750240696
0.943626019167
0.943594965062
0.943563911468
0.943532858386
0.943377600637
0.94334655062
0.943222355663
0.943191308201
0.943067123464
0.943036078557
0.94291190404
0.942880861688
0.942787737699
0.942663579534
0.942570466276
0.942539429545
0.942415287732
0.942384253556
0.942229090343
0.942198059233
0.942073939904
0.94204291135
0.942011883306
0.941980855773
0.941887776241
0.941856750752
0.941825725775
0.941794701308
0.94163958664
0.941608565239
0.941515504103
0.941484484746
0.941422447566
0.941391429742
0.941267363558
0.941236348289
0.941143305549
0.941019255716
0.940988244536
0.94089521406
0.940864204923
0.940833196298
0.940771180579
0.940678160835
0.940616150226
0.940585145689
0.940523138147
0.940492135142
0.940461132648
0.940430130666
0.940368128234
0.940337127784
0.940182133201
0.940151135817
0.940027151393
0.939996156565
0.939903175145
0.93987218236
0.939779207073
0.939748216332
0.939500308804
0.939469322662
0.93931439962
0.939283416544
0.93925243398
0.939190470383
0.939190470383
0.939159489352
0.939035570336
0.939004591859
0.938880683063
0.938849707142
0.938787756832
0.938725808566
0.938694835199
0.938663862344
0.938601918166
0.938570946844
0.938354161894
0.93832319466
0.938261261724
0.938230296022
0.938168366153
0.938106438327
0.93807547518
0.938044512545
0.93801355042
0.937982588807
0.937827788405
0.937796829857
0.937765871821
0.937734914295
0.937642044785
0.937549179874
0.937425367146
0.937394415242
0.937270612734
0.937177766219
0.937146818403
0.937084924303
0.937023032247
0.936992086986
0.936899254268
0.936868311051
0.936775484464
0.936744543291
0.936620783708
0.936527969386
0.936527969386
0.9364970323
0.936435159663
0.93640422411
0.936280487011
0.936249554014
0.936063966761
0.935940252146
0.935909324769
0.935878397904
0.935785620374
0.935723771243
0.935569157356
0.935476395156
0.935445475445
0.935383637555
0.935290884554
0.935259967908
0.935167221039
0.935167221039
0.935136306437
0.934981741096
0.934950829561
0.93482718853
0.93479627955
0.934703555675
0.934641742314
0.934518121723
0.934487217853
0.934394509308
0.934363607482
0.934332706167
0.934301805362
0.934209106016
0.934178207256
0.934054617325
0.93402372112
0.93393103557
0.933900141409
0.933807461992
0.933776569874
0.933653006516
0.933622116954
0.933591227903
0.933560339362
0.933436790312
0.933405904327
0.933344133889
0.933220599147
0.933158834842
0.933127953456
0.933066192216
0.933035312363
0.932911798061
0.932880920763
0.93275741668
0.932726541937
0.932664793984
0.932633920774
0.932510433044
0.932479562389
0.932356085389
0.932325217289
0.932170884454
0.93214001942
0.931985701915
0.931954839947
0.93192397849
0.931800537771
0.931769678869
0.931738820478
0.931646248371
0.931615392024
0.931430264673
0.931399411903
0.931306856659
0.931276005933
0.931121759968
0.931090912308
0.930967526778
0.930905837079
0.930813306364
0.930720780247
0.930628258729
0.930597419245
0.930474066419
0.930412393072
0.93028905251
0.930258218648
0.930196552455
0.930165720125
0.930104056998
0.930073226201
0.929949908123
0.929919079881
0.929826598222
0.929795772024
0.929734121161
0.929703296496
0.929610825568
0.929580002947
0.929456717573
0.929425897507
0.929364258908
0.929240987843
0.929240987843
0.929210171354
0.929179355376
0.929148539909
0.929117724954
0.92893284595
0.928902034571
0.928871223703
0.928747985342
0.928717177029
0.928686369227
0.928655561936
0.92856314313
0.928532337883
0.928470728922
0.928347517133
0.928255113657
0.92822431352
0.92800872687
0.927977930822
0.927885545741
0.927854751736
0.92779316526
0.927762372788
0.927700789378
0.927669998439
0.927608418094
0.927577628689
0.927546839794
0.92751605141
0.927392902985
0.927362117156
0.927331331839
0.927331331839
0.927300547032
0.927146630663
0.927115848923
0.927023506766
0.92699272707
0.926869613393
0.926838836251
0.926746507892
0.926715732794
0.926561864971
0.926531092939
0.926408009923
0.926377240446
0.926284935082
0.926254167649
0.926069573784
0.926038809929
0.92597728375
0.925946521428
0.925854237526
0.925823477247
0.925669683519
0.925638926306
0.925362134388
0.925300630694
0.925269879613
0.925116131875
0.925116131875
0.925085383861
0.924962396912
0.924931651453
0.924716447544
0.924685706172
0.924562745796
0.924532006979
0.924470530879
0.924470530879
0.924409056823
0.924378320562
0.924286114843
0.924255380625
0.924224646919
0.924132448865
0.924132448865
0.924101717203
0.923948066555
0.923917337959
0.923794428683
0.923763702641
0.923732977111
0.923241438119
0.923241438119
0.923210721276
0.923118573811
0.922995717679
0.922965004924
0.92293429268
0.922842159012
0.922811448812
0.922750029944
0.92268861312
0.922596491717
0.922565785604
0.922535080003
0.922504374913
0.922412262707
0.922381559661
0.922289453588
0.922228052094
0.922166652644
0.922135953686
0.922105255238
0.922074557302
0.921859686055
0.921828992207
0.92179829887
0.921767606043
0.92167553063
0.921644839848
0.921583459816
0.921552770567
0.921460705885
0.921430018679
0.921307274968
0.921276590318
0.92121522255
0.921184539433
0.921123174731
0.921092493147
0.921031131511
0.920969771919
0.92093909289
0.920908414372
0.920877736365
0.920847058868
0.920785705409
0.920755029445
0.920724353993
0.920693679052
0.920601657294
0.920570984397
0.920478968771
0.920417627575
0.920386957744
0.920356288424
0.920325619614
0.920294951316
0.920264283529
0.920233616253
0.92014161749
0.920110952258
0.919988296439
0.919957633761
0.919834988162
0.91980432804
0.919651035094
0.919620378038
0.919559065458
0.919528409935
0.919436446431
0.919436446431
0.919405792952
0.919375139984
0.919283184145
0.919129934634
0.919099286265
0.918915406781
0.918884761989
0.918823473938
0.918731545693
0.918639622048
0.918608981855
0.918547703001
0.918425151427
0.918333243111
0.918302608028
0.918180072806
0.918149440277
0.918088176754
0.918057545759
0.917935026889
0.917904398448
0.917720638539
0.917690013676
0.917628765483
0.917598142153
0.917445033167
0.917414412903
0.917322555177
0.917291936957
0.917200085363
0.917169469186
0.917138853521
0.917108238367
0.917077623724
0.917047009592
0.917016395971
0.916985782861
0.916893946597
0.916863335531
0.916832724976
0.916740896377
0.916710287866
0.916679679866
0.916618465399
0.916587858932
0.916557252976
0.916526647531
0.916496042597
0.916404230861
0.916281822367
0.916251221521
0.916220621186
0.916098224956
0.916067627176
0.916037029907
0.915914645941
0.915853457024
0.915822863332
0.915792270151
0.915761677481
0.915731085322
0.915608721796
0.915578132192
0.915486366446
0.915455778886
0.915394605299
0.915364019273
0.915333433757
0.915302848752
0.915211096803
0.915180513842
0.915027606702
0.914997026807
0.914966447424
0.914935868551
0.914782981851
0.914752406044
0.914630107927
0.914599534675
0.914538389704
0.914507817985
0.914477246777
0.91444667608
0.914324398403
0.91426326263
0.91423269551
0.914202128901
0.914140997217
0.914140997217
0.914079867576
0.914049303522
0.913957614427
0.913927052417
0.913774250032
0.913743691089
0.913713132656
0.913652017323
0.913621460423
0.91352979279
0.913499237934
0.913377023621
0.913254817484
0.913254817484
0.913224267227
0.913132619522
0.91310207131
0.913040976417
0.913010429737
0.912735532614
0.912704991045
0.912613369401
0.912582829876
0.912430139912
0.912399603452
0.912277462723
0.912246928818
0.912124798309
0.91209426696
0.911972146671
0.911911089592
0.91188056182
0.91188056182
0.911850034558
0.911727930621
0.911575312198
0.911575312198
0.911544790046
0.911483747276
0.911453226657
0.911361667867
0.911331149292
0.911270113676
0.911239596634
0.911025991651
0.910995478697
0.910934454323
0.910903942902
0.91078190233
0.910751393464
0.910629363111
0.910598856801
0.910537845713
0.910507340935
0.910415829668
0.9102938218
0.910141323462
0.910110825327
0.909958342319
0.909927847251
0.909836365111
0.909805872086
0.90974488757
0.909714396079
0.909683905098
0.909653414629
0.909592435222
0.909561946286
0.909470482542
0.90943999565
0.909409509268
0.909379023398
0.909287568852
0.909257085026
0.909074192797
0.909043712548
0.908830365109
0.908769413297
0.908677989412
0.908647515805
0.908556098052
0.908525626489
0.908464684897
0.908434214868
0.90831233986
0.908281872386
0.908251405422
0.90822093897
0.908038150986
0.907977225746
0.907885841719
0.907855381398
0.907764003503
0.907611717231
0.907550806299
0.9075203516
0.907368085767
0.907337634134
0.907063592429
0.906941809401
0.90675915019
0.906667827483
0.906637387602
0.906606948233
0.906485195866
0.906454759051
0.906393886956
0.906363451674
0.906302582645
0.906272148896
0.906180850717
0.906150419013
0.905998268156
0.905967839518
0.905846130075
0.905785278419
0.905724428808
0.905602735716
0.905572313721
0.905541892237
0.90538979248
0.905268121873
0.905237705499
0.905207289636
0.905055217985
0.905024805187
0.904903159108
0.904872748866
0.904751113007
0.90472070532
0.904568674549
0.904538269928
0.904507865817
0.90444705913
0.904416656553
0.904386254487
0.904295051354
0.904264651332
0.904234251821
0.90420385282
0.904143056353
0.904112658886
0.904051865484
0.903960679215
0.903930284814
0.903899890924
0.903778320473
0.903747929138
0.903565591858
0.903322504101
0.903322504101
0.90329212043
0.903200972486
0.90317059086
0.903018690394
0.902988311834
0.902927556247
0.90289717922
0.902806051205
0.902775676222
0.902654181399
0.902623808971
0.902502324369
0.902471954496
0.902411216283
0.902380847942
0.902289745988
0.902259379692
0.902198648633
0.90216828387
0.902107555877
0.902046829928
0.90201646772
0.901986106023
0.901895023998
0.901864664345
0.901743230842
0.901712873744
0.901621805516
0.901591450462
0.901409330869
0.901378979392
0.901257578594
0.901227229672
0.901166533361
0.901136185972
0.901075492727
0.901045146871
0.900954112369
0.900923768557
0.90080239842
0.900772057163
0.900620358543
0.900590020352
0.900438337062
0.900408001937
0.900316999628
0.900286666547
0.900195670371
0.900165339334
0.900104678793
0.900074349289
0.900013691814
0.899983363843
0.899831731654
0.899771082355
0.899740758472
0.8997104351
0.8995285056
0.899498185805
0.899407229486
0.899376911735
0.899285961549
0.899255645842
0.899195015961
0.899043450202
0.899043450202
0.898952516878
0.898861588154
0.898831279601
0.8987100505
0.898679744502
0.898649439015
0.898528222178
0.898497919246
0.898407013517
0.898285813031
0.898255514188
0.898104027634
0.898073731856
0.898013141833
0.897952553855
0.897952553855
0.897801092851
0.897770802183
0.897740512026
0.897710222381
0.897679933246
0.897649644622
0.897619356509
0.897528495237
0.897498209168
0.897407354028
0.897377070003
0.897255939015
0.897255939015
0.897165096138
0.896983424183
0.896953147312
0.896862319766
0.896801770624
0.896771496819
0.896741223525
0.89665040671
0.896620135461
0.896468786877
0.896438518694
0.89628718544
0.896256920323
0.896166128036
0.896105602399
0.896045078807
0.896014817777
0.895893778769
0.895863520294
0.895681980177
0.89565172528
0.895591217018
0.895439955305
0.895349204409
0.895318955132
0.895197963136
0.895167716414
0.895107224504
0.895076979315
0.894895518915
0.894865277303
0.894835036203
0.894804795613
0.894623362807
0.894593125794
0.894472182854
0.894441948397
0.894381481015
0.89435124809
0.894260552383
0.894079174764
0.894079174764
0.89404894695
0.893928040802
0.893897815542
0.893867590794
0.893837366556
0.893776919614
0.89374669691
0.893716474716
0.893686253034
0.893595591053
0.893565371414
0.893081926695
0.893051715743
0.892900668651
0.892870460766
0.892840253391
0.892810046528
0.892749634334
0.892719429003
0.892598612792
0.892538207752
0.892508005999
0.892477804756
0.892447604025
0.892387204095
0.892357004897
0.892326806209
0.89220601657
0.892085235106
0.891934269774
0.891904078241
0.891722939772
0.89166256437
0.8915720051
0.891541819699
0.891511634808
0.891481450429
0.891300354884
0.891270174082
0.891119277735
0.891089099999
0.890968394163
0.890938218982
0.890787350741
0.890636495274
0.890606325714
0.890455485578
0.890425319083
0.8903951531
0.890304658216
0.890274494277
0.890244330849
0.890214167932
0.890093521884
0.890063361521
0.89000304233
0.889972883501
0.889942725182
0.889912567375
0.889822097019
0.889791941256
0.889580865222
0.889580865222
0.889550713546
0.889490411729
0.889460261587
0.889309518541
0.889309518541
0.889188933302
0.88915878827
0.889128643749
0.888977928808
0.888887505975
0.888857366053
0.888857366053
0.888827226642
0.888736811475
0.888646400906
0.888646400906
0.888616265072
0.888586129749
0.888555994937
0.888405328541
0.88834506556
0.888314934836
0.888314934836
0.888284804623
0.888194417049
0.88816428888
0.888104034075
0.888104034075
0.888073907439
0.888043781314
0.8880136557
0.887953406004
0.887923281923
0.887893158353
0.887863035294
0.887832912746
0.887832912746
0.887772669183
0.887591950757
0.887561832808
0.887471482027
0.887441366122
0.887351021473
0.887320907612
0.887290794262
0.887260681423
0.887140235176
0.887110124892
0.887019797106
0.886989688866
0.886929473919
0.886899367212
0.886778945494
0.886748841342
0.886658531952
0.886628429844
0.886538126586
0.886508026522
0.886447827927
0.886387631376
0.886297340382
0.886267244406
0.886176959544
0.886116772191
0.886026494994
0.885996403617
0.885936222396
0.885906132552
0.885785778286
0.885755690998
0.885575177995
0.885515011082
0.885515011082
0.885484928392
0.885394683388
0.885364602742
0.885214207178
0.885184129598
0.885093899924
0.885003674849
0.885003674849
0.884973600846
0.884853309945
0.884823238497
0.884642820541
0.88461275267
0.884402292393
0.88437222861
0.884342165338
0.884191856644
0.884161796438
0.884131736743
0.884071618886
0.884041560725
0.883951389305
0.883891277581
0.883861222485
0.8838311679
0.883771060263
0.883741007211
0.883680902641
0.883650851122
0.883620800114
0.883560699632
0.883530650157
0.883500601193
0.883350364039
0.883320318141
0.883230183514
0.883110011165
0.883049928056
0.883019887268
0.882989846992
0.882959807226
0.882899729227
0.882869690995
0.882809616062
0.882779579362
0.882599369895
0.882569336772
0.88250927206
0.88247924047
0.882389148767
0.882359119221
0.882299061663
0.88226903365
0.882178952678
0.882148926709
0.882028827944
0.881998804531
0.881938759236
0.881908737356
0.881788654943
0.881758635617
0.881668580706
0.881638563424
0.881578530394
0.881548514645
0.881518499408
0.881398443567
0.881368430884
0.881338418713
0.881278395903
0.881248385264
0.881218375136
0.88118836552
0.881128347819
0.881038325101
0.880858293463
0.880828289978
0.880798287004
0.880768284542
0.880588280497
0.880558281612
0.880468288021
0.880438291179
0.880378299029
0.880378299029
0.880288314636
0.880288314636
0.880258320861
0.880228327596
0.8801683426
0.879988399876
0.87995841121
0.879838461658
0.879808475547
0.87965855266
0.879628569615
0.879538623547
0.879508642547
0.879298789851
0.879268812939
0.879178885267
0.879148910399
0.879088962195
0.879058988859
0.878939100627
0.878909129847
0.878849189819
0.878819220571
0.878699348691
0.878609450147
0.878579484988
0.878549520339
0.87845962946
0.878429666855
0.878399704762
0.878369743179
0.878309821547
0.87824990196
0.878219942932
0.878040199499
0.878010244048
0.877980289109
0.877860474461
0.877830522077
0.877740667989
0.877710717649
0.877501079574
0.877471133322
0.87744118758
0.87741124235
0.877321409725
0.877291466538
0.877171698903
0.877141758272
0.877051939444
0.877022000856
0.87693218816
0.876902251617
0.876872315584
0.876782510553
0.876752576565
0.876722643088
0.876692710121
0.876662777666
0.876333554383
0.87630362806
0.876243776947
0.876213852156
0.876154004109
0.876124080851
0.876034314145
0.876004392932
0.87597447223
0.875884713189
0.875854794531
0.875824876383
0.875794958747
0.875735125008
0.875675293312
0.875645378231
0.875525723016
0.87549581049
0.87543598697
0.875316346063
0.875316346063
0.875286437114
0.875106994149
0.875077088777
0.874957472398
0.874837864195
0.874718264169
0.874688365439
0.874568775633
0.874568775633
0.874538879459
0.874449194002
0.874419299872
0.874329620547
0.874180165226
0.874150275695
0.874120386675
0.874060610168
0.874030722681
0.873970949239
0.873941063285
0.873821524579
0.873791641179
0.873731875914
0.873701994048
0.873612351516
0.873582471694
0.873492835293
0.873462957515
0.873403203492
0.873373327247
0.873283701577
0.873253827376
0.873194080507
0.873164207839
0.872984982561
0.87295511347
0.87292524489
0.872775909655
0.872775909655
0.872775909655
0.872746044141
0.872596724236
0.872566861787
0.872477277509
0.872327980599
0.87229812275
0.872268265412
0.872208552269
0.872178696464
0.872029425104
0.871999572365
0.871910017214
0.871880166519
0.8717906175
0.871760768849
0.871730920709
0.871730920709
0.871671225962
0.871611533259
0.8715518426
0.871492153985
0.871462310444
0.87134294139
0.871313100404
0.871283259929
0.871253419965
0.871134065219
0.87110422781
0.871074390912
0.871044554525
0.870895380256
0.870865546935
0.870656727996
0.870507586942
0.870507586942
0.870477760264
0.870447934097
0.870418108441
0.870388283296
0.870358458662
0.870209343158
0.87017952159
0.870119879987
0.870090059952
0.870000602913
0.869970784922
0.869881334016
0.869881333505
0.869881333505
0.869791887197
0.869672632608
0.869642820238
0.869613008379
0.869493766054
0.86946395675
0.869434147957
0.869404339675
0.869404339675
0.869344724645
0.869255305931
0.869225500715
0.869136088134
0.869106284962
0.869046680151
0.868957276768
0.868957276768
0.868927476662
0.868838079411
0.868718890229
0.868599709224
0.868569915251
0.86806349588
0.868033711104
0.867914577111
0.86788479489
0.86785501318
0.867676333653
0.86764655552
0.867616777899
0.867557224188
0.867527448099
0.867438122899
0.867408348855
0.867319029787
0.867289257786
0.867259486296
0.867229715317
0.867170174893
0.867140405447
0.867051100176
0.867021332775
0.866842739096
0.866812975271
0.866723686863
0.866693925082
0.86657488307
0.866545123844
0.866396335381
0.866366579221
0.866158300412
0.86612854834
0.86606904573
0.866039295191
0.865801309279
0.865741817911
0.865712072993
0.865652584691
0.865593098433
0.865533614218
0.865503872878
0.865474132048
0.865414651922
0.865384912626
0.865265960549
0.865236223808
0.865176751858
0.865147016649
0.865117281952
0.865117281952
0.865087547765
0.864998348271
0.864968616129
0.864849692669
0.864730777385
0.864730777385
0.864701049841
0.864611870277
0.864582144777
0.864492971345
0.864463247889
0.864374080589
0.864255198009
0.864195759785
0.864166041439
0.863987742097
0.863809461152
0.863779749449
0.863750038258
0.863601489965
0.86357178184
0.863542074226
0.863512367122
0.863423248878
0.863393543818
0.86336383927
0.863334135233
0.863274728691
0.863245026186
0.863126221279
0.863096521329
0.863037122963
0.863007424547
0.862977726642
0.86285894013
0.86282924478
0.86279954994
0.862621391635
0.862591700373
0.86241356404
0.862383876355
0.862354189181
0.862324502517
0.862294816365
0.862265130724
0.862205760974
0.862176076866
0.862057345542
0.862027663989
0.861938622395
0.861908942886
0.8618495854
0.861819907424
0.861730876561
0.861701200628
0.861612175898
0.861582502009
0.861552828632
0.86140446941
0.861256122964
0.861226455208
0.861137455005
0.861107789293
0.861078124091
0.860989131554
0.86092980575
0.860900143615
0.860840820877
0.860840820877
0.860811160275
0.860662864929
0.860633207393
0.860573893853
0.860484927376
0.860395965499
0.860366312562
0.86030700822
0.860277356816
0.860247705923
0.86021805554
0.86012910746
0.860099459122
0.860040163978
0.860010517173
0.859951225096
0.859832647073
0.859832647073
0.859743718921
0.859684436042
0.859595515556
0.859595515556
0.859565876415
0.859536237786
0.859506599668
0.859476962061
0.859447324965
0.85941768838
0.859388052305
0.859269513119
0.859269513119
0.8592398796
0.859180614094
0.859150982108
0.859062089216
0.859032459274
0.858854690352
0.858825063987
0.858736187958
0.858528828441
0.858469587464
0.858439967742
0.858410348531
0.85838072983
0.858321493963
0.858291876796
0.858232643995
0.858143798626
0.858143798626
0.858114184525
0.857936510649
0.857906900125
0.857818071619
0.857788463139
0.857699640765
0.857670034329
0.857522009814
0.857492406444
0.857373998074
0.857344397259
0.857196400849
0.8571668031
0.857048417214
0.85701882202
0.856930039504
0.856900446354
0.856841261587
0.856752488269
0.856752488269
0.856722898185
0.856693308612
0.85666371955
0.856545368412
0.856515781905
0.856456610424
0.85642702545
0.856397440987
0.856367857036
0.856308690665
0.856249526338
0.856190364055
0.85616078368
0.856101624463
0.856072045621
0.85601288947
0.855983312161
0.855805859039
0.855776285307
0.855746712086
0.855687567177
0.855657995489
0.855480576093
0.855451007982
0.855421440382
0.855303175093
0.855273610048
0.855214481491
0.855184917979
0.855125792489
0.85509623051
0.855037108085
0.854948428281
0.854918869368
0.854918869368
0.854741526622
0.854711971286
0.854623308344
0.854534650513
0.854416446544
0.854416446544
0.854386896829
0.854327798932
0.854209609271
0.854209609271
0.854180063133
0.854032340109
0.854002797038
0.853825549338
0.853796009843
0.853648320034
0.853618783606
0.853471109127
0.853441575764
0.853323447423
0.853293916615
0.853264386319
0.853234856533
0.853175798494
0.85305768855
0.853028162341
0.852998636643
0.852910062616
0.852880538962
0.85285101582
0.852821493188
0.852732928359
0.852703407771
0.852496777965
0.852467261466
0.852378715033
0.852378715033
0.852349200577
0.852290173199
0.852260660276
0.852054084125
0.851936051853
0.851729515049
0.851670509133
0.851611505261
0.851582004091
0.851375510212
0.851346013131
0.8512870205
0.851257524952
0.851169041372
0.851080562391
0.85099208801
0.850962597571
0.850785665671
0.85066772129
0.850638236473
0.850608752166
0.850520302313
0.85049082005
0.850431857058
0.85028445852
0.850225502682
0.85019602553
0.850166548888
0.85007812203
0.85007812203
0.850048647432
0.84998969977
0.849960226706
0.849871810578
0.849842339558
0.84978339905
0.849753929562
0.84969499212
0.849665524166
0.849577123368
0.849547657458
0.849518192058
0.84948872717
0.849400335571
0.849370872726
0.849282487259
0.849253026458
0.849135188366
0.849105730121
0.848928991379
0.848899536711
0.848811175772
0.848605018132
0.848605018132
0.848575569084
0.848457778005
0.848428331512
0.848369440061
0.848339995101
0.848310550653
0.848222220374
0.848192777969
0.848163336076
0.848104453822
0.848104453822
0.848075013462
0.848045573612
0.848016134274
0.847898382031
0.847839508975
0.847810073214
0.847780637963
0.847692335278
0.847662902072
0.847633469376
0.847604037192
0.847574605519
0.847545174356
0.847486313565
0.847456883935
0.847339170528
0.847250890838
0.847221465297
0.847221465297
0.847192040267
0.84704492278
0.847015500816
0.846986079362
0.84695665842
0.846868398659
0.846838979761
0.846721309278
0.846691892935
0.846515405606
0.84648599284
0.84642716884
0.846397757607
0.846221300938
0.846191893282
0.846103673379
0.846074267767
0.845986053997
0.845956650428
0.845897844825
0.84586844279
0.845809640252
0.84578023975
0.845692041309
0.845662642851
0.845633244904
0.845603847468
0.845515658225
0.845486262833
0.845456867952
0.845398079722
0.845280509396
0.845251118091
0.84504539327
0.845016006054
0.8448984623
0.844869077638
0.844810309849
0.844780926721
0.844751544104
0.844722161998
0.844575259132
0.844457746037
0.844428369041
0.844398992556
0.844281491726
0.844252117796
0.844163999071
0.844134627185
0.844017144751
0.84398777542
0.843870303205
0.843840936429
0.84378220441
0.843752839167
0.843723474435
0.843694110214
0.843664746504
0.843635383305
0.843606020617
0.84357665844
0.843459214842
0.84342985522
0.843341779419
0.843283064774
0.843253708218
0.843224352173
0.843165641616
0.843077579613
0.843077579613
0.843048226634
0.842989522209
0.842960170763
0.842930819828
0.842901469404
0.842813421198
0.842754724949
0.842696030744
0.842666684408
0.842461274364
0.842431932116
0.842343908438
0.842314568234
0.842255889359
0.842226550688
0.842138537741
0.842109201114
0.841991859717
0.841962525645
0.841903859034
0.841874526495
0.841727871465
0.841610556639
0.84149324999
0.841434599731
0.841258661218
0.841229339922
0.840936155058
0.840906839382
0.840701643959
0.840643021294
0.840584400673
0.840555091129
0.840525782097
0.840525782097
0.840496473575
0.840379244597
0.840349938631
0.840320633175
0.84029132823
0.840115509292
0.840115509292
0.840086207924
0.840027606721
0.839998306887
0.83993970875
0.839910410448
0.839851815378
0.839822518609
0.839793222351
0.839763926604
0.839558870685
0.839500287878
0.839470997241
0.839441707116
0.839383128397
0.839353839804
0.839295264152
0.839236690543
0.839207404506
0.839178118979
0.839119549458
0.839090265465
0.838914572233
0.838885291816
0.838856011911
0.838856011911
0.838826732516
0.838797453632
0.838709620047
0.838680343207
0.838651066879
0.838621791061
0.838592515754
0.8385046929
0.838475419637
0.838387602915
0.838358331696
0.838270521106
0.838241251932
0.838065647615
0.838036382017
0.837773014633
0.837743754145
0.837685234703
0.837655975748
0.83750968864
0.837392668152
0.837363414307
0.837246404038
0.837217152749
0.837158651703
0.837070903966
0.83701240803
0.836983160828
0.836953914137
0.836866177132
0.836778444725
0.836749201611
0.836719959009
0.836602993708
0.836573753661
0.836427561088
0.836398324106
0.836369087636
0.836339851676
0.83628138129
0.836252146864
0.836193679543
0.83616444665
0.836105982396
0.836076751035
0.835842919058
0.835842919058
0.835813692297
0.835755240306
0.835755240306
0.835726015078
0.8355798966
0.835550674438
0.835521452786
0.835492231646
0.83540457129
0.835375352194
0.83528769797
0.835258480918
0.835229264377
0.835200048346
0.835112403321
0.835083189334
0.834966338498
0.834937127067
0.834849495838
0.834820286451
0.834645040857
0.834615835047
0.83446981366
0.834382206959
0.834294604858
0.83426540518
0.834207007356
0.834177809211
0.834061021739
0.834031826149
0.834002631069
0.833973436501
0.83373989835
0.83371070838
0.833652329975
0.833623141538
0.833535579295
0.833506392903
0.833448021651
0.833418836792
0.83333128528
0.83333128528
0.833302102464
0.833156196053
0.833127016303
0.833039480121
0.833010302416
0.832864421554
0.832806072787
0.832806072787
0.832776899169
0.832747726063
0.832718553468
0.832631038748
0.832601868197
0.83242685562
0.832397688646
0.832281025859
0.832251861439
0.832135208872
0.832076885655
0.832047724812
0.832018564481
0.831989404661
0.831960245352
0.83187277049
0.831843613225
0.831697834563
0.831668680364
0.831610373499
0.831581220833
0.831464615278
0.831435465166
0.831318869832
0.831289722275
0.831114847669
0.83108570369
0.831056560222
0.831027417265
0.830881710144
0.830852570253
0.830706878462
0.830677741637
0.830619469519
0.830561199446
0.830444665431
0.830415533205
0.830299009411
0.83026987974
0.83021162193
0.830182493792
0.83006598635
0.830036860767
0.829949487083
0.829920363544
0.829891240516
0.829862117999
0.829832995993
0.829803874498
0.829687393627
0.829658274687
0.829483571778
0.829367113391
0.829338000072
0.829279774967
0.829163330889
0.829134221147
0.829017787289
0.828988680102
0.828901361607
0.828872256463
0.828843151831
0.82881404771
0.828755841001
0.828726738413
0.828581233138
0.828552133616
0.828493936105
0.828435740638
0.828435740638
0.828406643671
0.828290260913
0.828261166501
0.828173886331
0.828144793963
0.827999339788
0.827970250486
0.827912073415
0.827882985646
0.827824811642
0.827795725406
0.827737554467
0.827708469764
0.827621218721
0.827592136062
0.827417650839
0.827330415127
0.827301337578
0.82727226054
0.827097809043
0.827068735582
0.827039662632
0.827010590193
0.826952446849
0.826923375943
0.826836166291
0.826807097429
0.826719893909
0.826690827092
0.82657456493
0.826545500667
0.826516436915
0.826487373674
0.826429248726
0.826400187018
0.826254886144
0.826225827502
0.826167711751
0.826138654642
0.826080541958
0.826051486382
0.82596432272
0.825935269188
0.825819060171
0.825790009194
0.825673810397
0.825644761975
0.825470482175
0.825354305862
0.825296220772
0.825209096968
0.825180056722
0.825151016988
0.825063900849
0.824947753152
0.824918717506
0.824860647745
0.824744514356
0.824715482286
0.824628389143
0.824570329603
0.824570329603
0.824541300599
0.824425189694
0.824396163245
0.824251038667
0.824222015284
0.824076906035
0.824018865913
0.82387377455
0.82384475781
0.823757710657
0.823728695961
0.823612642289
0.823583630148
0.823467586695
0.823467586695
0.823467586695
0.82343857711
0.823322543877
0.823322543877
0.823264530327
0.82320651882
0.823177513834
0.823032496566
0.823003494645
0.822945492337
0.822916491949
0.822800495509
0.822771497676
0.822655511456
0.822626516178
0.822452555244
0.822423563543
0.822394572353
0.822336591507
0.822307601851
0.822278612705
0.822191648334
0.822191648334
0.822162661233
0.822075702994
0.822046717937
0.82195976583
0.821930782816
0.821814855872
0.821785875414
0.82172791603
0.821698937104
0.821640980786
0.821612003393
0.821496098933
0.821322257573
0.821322257573
0.821293285802
0.821119465904
0.821090497709
0.820974630041
0.820945664402
0.820858770549
0.820829806954
0.82080084387
0.820627076094
0.820598116586
0.82056915759
0.820540199104
0.82051124113
0.820482283666
0.820453326714
0.82027959573
0.820250642355
0.820105883143
0.820047983035
0.819903241708
0.819845348754
0.819816403044
0.819787457844
0.819729568979
0.819613797379
0.819584855757
0.819555914645
0.819498033955
0.819469094377
0.81944015531
0.819411216753
0.819353341174
0.81932440415
0.819266531637
0.819237596146
0.819208661167
0.819179726698
0.819063993935
0.819035062022
0.81889041012
0.818861481273
0.818803625111
0.818774697797
0.81863006889
0.818572220904
0.818543297678
0.818514374963
0.818427609883
0.818398689212
0.817993853469
0.817993853469
0.817964940462
0.817820383096
0.817820383096
0.817791473156
0.817704746401
0.817704746401
0.817618024245
0.817589117882
0.81756021203
0.817415690434
0.817386787647
0.817300082355
0.817271181613
0.817155583754
0.817126685566
0.816924414097
0.816895519998
0.816837733332
0.816808840766
0.816722166134
0.816693275612
0.816519943209
0.816491056264
0.816433283907
0.816404398495
0.816288861956
0.816259979099
0.816202214918
0.81614445278
0.816086692687
0.816057813407
0.815913424671
0.815884548457
0.815797922881
0.815769048711
0.815682429266
0.815682429266
0.81565355714
0.815480335115
0.815451466566
0.815307131485
0.815278266002
0.815191672619
0.81516280918
0.815076221929
0.81501849965
0.814931920063
0.814931920063
0.814758774688
0.814729918914
0.814701063651
0.814614500928
0.814585647709
0.814556795001
0.814527942804
0.814412539126
0.814325991733
0.814152910744
0.814124065701
0.814066377148
0.814008690639
0.813922164708
0.813893323753
0.813777965043
0.813749126643
0.813720288754
0.813691451376
0.813604942308
0.813576106974
0.813431937969
0.813403105701
0.813316611963
0.81328778174
0.813143638285
0.813114811127
0.81308598448
0.813057158344
0.812999507605
0.812970683002
0.81291303533
0.812855389701
0.812826567653
0.812797746116
0.812740104575
0.812711284571
0.812538375279
0.812394298254
0.812365484383
0.812365484383
0.812336671022
0.812279045833
0.812163801587
0.812134991804
0.812106182531
0.812019757778
0.811962143832
0.811904531929
0.811875726744
0.811760511115
0.811731708485
0.811674104758
0.811645303661
0.811587703001
0.811558903437
0.811472507811
0.811443710292
0.811299730358
0.811242141961
0.811184555608
0.811184555608
0.811184555608
0.811155763199
0.811098179912
0.811098179401
0.811098179401
0.811069388524
0.810896653995
0.810867866695
0.810810293628
0.810781507862
0.810637586693
0.810580021802
0.810551240124
0.810522458956
0.810436118519
0.810407339395
0.810378560782
0.810263451441
0.810205899837
0.810177124801
0.81009080276
0.810062029768
0.809946942911
0.809918172475
0.809716793726
0.809630496213
0.809572967092
0.809544203299
0.809371631268
0.809342871051
0.809314111345
0.809285352151
0.809227835294
0.809170320482
0.809084052096
0.80905529699
0.808997788309
0.808997788309
0.808969034736
0.808911529121
0.808882777081
0.808767774028
0.808739024543
0.808681527104
0.80859528478
0.808537792451
0.808509047054
0.808365327731
0.808221621183
0.808164142141
0.808135403386
0.80807792741
0.808049190188
0.80796298159
0.807934246412
0.807761846078
0.807733114477
0.807646922742
0.807618193185
0.807532007582
0.807503280069
0.807445826577
0.807417100597
0.807273478365
0.807244755451
0.807072428701
0.807043709365
0.806957554421
0.806900120347
0.806871404077
0.806842688317
0.806813973069
0.806785258331
0.806756544105
0.806727830389
0.806641692309
0.806469429945
0.806469429945
0.80644072134
0.806325892028
0.806297185978
0.806211070892
0.80615366339
0.806124960406
0.806096257932
0.80606755597
0.806038854519
0.806010153578
0.805981453149
0.80595275323
0.805924053823
0.805751868109
0.805637087854
0.805637087854
0.805608394067
0.80543624208
0.805407551871
0.805264108489
0.805235421346
0.805091993294
0.805063309216
0.805005942595
0.80497726005
0.804891215483
0.804862534983
0.804776496548
0.804747818092
0.804633109376
0.804604433475
0.804575758085
0.804547083205
0.80437504466
0.80437504466
0.804346373358
0.804203024512
0.804174356275
0.804117021336
0.804088354632
0.803801715705
0.803715733991
0.803687074442
0.803658415403
0.803572441355
0.80354378436
0.803457816444
0.803429161493
0.803371853126
0.803314546802
0.803285894407
0.803257242523
0.803199940287
0.803113990767
0.803056693641
0.803028045845
0.802884814529
0.802741595988
0.802741595988
0.802741595988
0.802741595988
0.802741595988
0.802712953813
0.802627030353
0.802512472895
0.802483834808
0.802455197231
0.802369287569
0.802340652037
0.802312017016
0.802283382505
0.802226115018
0.802197482041
0.802025694909
0.801911180374
0.801882553018
0.801853926173
0.801682175833
0.801653552565
0.801624929808
0.801596307562
0.801481823688
0.801453203997
0.801367347989
0.801367347989
0.801338730342
0.801167035191
0.801138421121
0.801081194514
0.801052581976
0.80102396995
0.800909526956
0.800880917485
0.800852308525
0.80070927139
0.800680665496
0.80056624703
0.80053764369
0.80039463466
0.800366034387
0.800223040687
0.80019444348
0.800137250599
0.80005146511
0.799937091612
0.799908499515
0.799794136237
0.799679781135
0.79962260665
0.799508263813
0.799508263813
0.799479679381
0.79945109546
0.79942251205
0.799393929151
0.79930818352
0.799136706055
0.799108128266
0.799079550988
0.799050974221
0.798936672264
0.798908098052
0.798850951161
0.798822378482
0.798793806314
0.798765234657
0.798679522753
0.79865095314
0.798593815447
0.798536679798
0.798393849619
0.798365285116
0.798279594673
0.798165347904
0.798079668192
0.79805110931
0.79799399308
0.797936878893
0.797908322566
0.797851211445
0.797822656651
0.797679890347
0.797622787403
0.797594236697
0.797480038983
0.797451490833
0.797308757744
0.797280212659
0.79719458047
0.79719458047
0.7971374949
0.797108952881
0.796994789916
0.796994789916
0.796966250452
0.796880635127
0.796823560798
0.7967950244
0.796766488514
0.796623816745
0.796595283924
0.796538219816
0.796509688528
0.796367039754
0.796338511532
0.796224403756
0.796195878089
0.796110304155
0.796081780532
0.79605325742
0.796024734819
0.795910650038
0.795882129992
0.795825091434
0.795796572921
0.795711020449
0.79568250398
0.79559695764
0.795539929302
0.795454390627
0.795425878757
0.795397367398
0.795169294925
0.795169294925
0.795169294925
0.795083776179
0.795026766237
0.794998262032
0.794969758339
0.794941255156
0.794798746908
0.794770246791
0.794741747185
0.794713248091
0.794684749507
0.794656251435
0.794542264254
0.794456779234
0.79442828525
0.794399791776
0.794342806362
0.794314314421
0.794257332073
0.794228841666
0.794114885145
0.794086397293
0.794000936801
0.793801546872
0.793773064641
0.79374458292
0.793659140824
0.793630661148
0.793602181982
0.793573703328
0.79348827043
0.79345979382
0.793402842132
0.793374367054
0.793231999331
0.793175055819
0.793089644384
0.793004237547
0.792975769624
0.792947302211
0.79286190304
0.79286190304
0.792491893108
0.792463434382
0.792406518464
0.792406518464
0.792378061272
0.79232114842
0.792292692761
0.792264237612
0.792264237612
0.792235782975
0.792121969535
0.792093517453
0.792008164271
0.791979714233
0.791894367184
0.791865919189
0.791837471706
0.791809024733
0.791723686882
0.79163835363
0.791524583114
0.791496141763
0.791467700923
0.791439260593
0.791297066611
0.791268629348
0.791240192596
0.791211756354
0.791126450696
0.791098016499
0.791012716973
0.790984284819
0.790927422046
0.790756845989
0.790699991391
0.790671564859
0.790614713327
0.790586288328
0.79038732764
0.790358906729
0.790330486329
0.790302066439
0.790216809838
0.790188391992
0.790159974658
0.790131557835
0.789989481383
0.78993265438
0.789904241644
0.78987582942
0.789790595813
0.789762185633
0.789705366806
0.789676958158
0.789534922587
0.789506517006
0.789364496765
0.789336094249
0.78925088977
0.789222489298
0.789108892524
0.789108892524
0.789080494607
0.788824936356
0.78879654355
0.788711368198
0.788682977435
0.788654587184
0.788626197444
0.788512643593
0.788484256408
0.788455869734
0.788427483571
0.788313944028
0.78828556042
0.788228794737
0.788200412662
0.788172031097
0.788143650044
0.788058509951
0.788030130942
0.78794499698
0.787916620015
0.787803117265
0.787774742855
0.787717995567
0.78768962269
0.787632878469
0.787491026858
0.787462658069
0.787434289791
0.787320821789
0.787292456066
0.787235726153
0.787178998283
0.787150635115
0.787122272458
0.786923748167
0.78686703154
0.786668539441
0.786583479064
0.786555126627
0.786526774701
0.786385022736
0.786356673876
0.786214937241
0.786186591447
0.786129901392
0.786129901392
0.786101557131
0.785988185197
0.785988185197
0.785846481777
0.785818142626
0.785761465857
0.785733128239
0.785704791132
0.785648118451
0.785619782877
0.785506445691
0.785449780164
0.785393116682
0.785364785707
0.785279795848
0.785251466917
0.785194810588
0.78516648319
0.785138156303
0.785109829927
0.785053178708
0.785024853865
0.784939882403
0.784939882403
0.784911559604
0.784798273518
0.784769953274
0.784656677408
0.78462835972
0.784571725875
0.784543409719
0.78448677894
0.784458464317
0.784345210936
0.784260276265
0.78423196573
0.784203655706
0.784147037192
0.784118728701
0.784033806294
0.784005499847
0.783779068202
0.783750766354
0.783722465017
0.783694164191
0.783665863876
0.783637564073
0.78360926478
0.78360926478
0.783580965998
0.783439479754
0.783411184038
0.783382888833
0.783354594139
0.783241420474
0.783213128335
0.783128254985
0.783043386234
0.783015097672
0.782986809621
0.782873662528
0.782845377032
0.782732240159
0.782703957218
0.78264739287
0.782619111462
0.782505990941
0.782477712088
0.782392878596
0.782308049703
0.782251499663
0.782223225409
0.782138405714
0.782110133504
0.782081861805
0.782081861805
0.781997049775
0.781997049775
0.781940510977
0.781799172923
0.781770906846
0.781714376223
0.78154479662
0.781516535141
0.781488274174
0.781318719099
0.781290461708
0.781262204828
0.78123394846
0.781177437256
0.78114918242
0.781120928095
0.781092674282
0.781007915907
0.780979664137
0.780894911894
0.780866662169
0.780725421205
0.780697174546
0.780584193017
0.780555948913
0.780527705319
0.780499462237
0.780471219665
0.780442977604
0.780386495016
0.780358254489
0.780301774966
0.780245297488
0.780160585104
0.780132348664
0.780104112735
0.780075877318
0.779878243703
0.779850012373
0.779737092165
0.779652407375
0.779567727183
0.779539501474
0.77948305159
0.779454827415
0.779370157954
0.779341935823
0.77920083283
0.779172613765
0.779059742613
0.779031526102
0.778975094614
0.778946879637
0.778777600503
0.778777600503
0.778749389102
0.778664757967
0.778608339765
0.778580131431
0.778551923607
0.778439097423
0.778410892155
0.778354483151
0.778326279416
0.778269873478
0.778241671275
0.778157067734
0.778128867576
0.777931480775
0.777903284704
0.777818699559
0.777762312017
0.777705926519
0.777677734537
0.77753678229
0.777508593374
0.777339470606
0.777226732315
0.777226732315
0.77719854902
0.777142183962
0.777085820948
0.777085820948
0.776973101053
0.776916744171
0.776888566497
0.776832212681
0.776832212681
0.77680403654
0.776634990423
0.776550474263
0.776522303231
0.776409624216
0.77638145574
0.776353287775
0.776268786945
0.776212455613
0.776184290714
0.776156126326
0.776127962448
0.776099799082
0.775987150727
0.775987150727
0.775930829615
0.775902669826
0.775902669826
0.775874510548
0.775621100039
0.775621100039
0.77559294587
0.775536639067
0.775508486432
0.77536773092
0.775339581351
0.77519884117
0.775170694667
0.775086258223
0.775058113764
0.77488925774
0.774861116858
0.774692282296
0.77466414499
0.774636008196
0.77449533189
0.77449533189
0.774439064945
0.774410932239
0.774382800044
0.774326537186
0.774298406524
0.774101506197
0.774073379623
0.773960878437
0.773960878437
0.773932754418
0.773904630909
0.773876507912
0.773848385426
0.773820263451
0.773735900592
0.773707780661
0.77356718867
0.773539071805
0.773426609455
0.773426609455
0.773426609455
0.773398495145
0.77331415528
0.773229820015
0.77317359906
0.773145489349
0.77308927146
0.773061163282
0.772892524944
0.772864420343
0.772695803468
0.772667702444
0.772639601931
0.772611501929
0.772555303458
0.772499107031
0.772471009584
0.772471009584
0.772442912648
0.772358624906
0.772330530014
0.772246248404
0.772049609199
0.771909167954
0.771881081238
0.771852995033
0.771824909339
0.771768739484
0.771740655323
0.771572161088
0.771544080504
0.771516000431
0.771487920869
0.771431763279
0.77140368525
0.771347530725
0.771319454229
0.77126330277
0.77126330277
0.771235227807
0.771094860657
0.771066788761
0.77089836811
0.77087029979
0.770701900602
0.770673835859
0.770449336312
0.770421276168
0.770393216535
0.770365157413
0.770224869469
0.770196813413
0.770168757868
0.770140702834
0.770056540799
0.76991628096
0.769860180601
0.769832131188
0.769439493064
0.769411451316
0.769355369353
0.769327329139
0.769271250242
0.76924321156
0.769159098581
0.769131061943
0.769103025816
0.769074990201
0.769046955096
0.768906787237
0.768906787237
0.768878755198
0.768710573697
0.768598462916
0.768570436498
0.768542410591
0.768514385196
0.768486360311
0.768458335937
0.768430312074
0.768318221734
0.768262179629
0.768150101552
0.768122083311
0.768038031652
0.768010015454
0.767897955773
0.767841928999
0.767813916378
0.767785904268
0.767729881582
0.767701871005
0.767645851385
0.767505811277
0.767393788388
0.767365783943
0.767281773675
0.767169767139
0.767141766782
0.767113766937
0.767057768778
0.767057768778
0.767029770466
0.766833797097
0.766805802872
0.766749815956
0.766721823264
0.766609857608
0.766609857608
0.766581867471
0.766469912035
0.766441924453
0.766329979237
0.76630199421
0.76624602569
0.766218042197
0.766162076742
0.766162076742
0.766134094782
0.766106113332
0.766078132394
0.765882280132
0.765882280132
0.765854303281
0.765798351113
0.765770375796
0.765742400989
0.765714426694
0.765658479636
0.765630506873
0.765574562881
0.765546591652
0.765490650726
0.765462681029
0.765406743169
0.765406743169
0.765378775006
0.765322840212
0.765294873581
0.765238941853
0.765210976756
0.765183012169
0.765155048094
0.765127084529
0.765099121476
0.764959313873
0.764931353886
0.764903394409
0.764875435444
0.764847476989
0.764819519046
0.764791561614
0.764763604692
0.764707692382
0.764679736994
0.76456792055
0.764539967717
0.764512015394
0.764484063583
0.764400211214
0.764372261447
0.764316363445
0.764232520275
0.764232520275
0.764204573573
0.764120736535
0.764092791878
0.763981018358
0.763757495847
0.763617810885
0.763589875426
0.763561940477
0.76353400604
0.763450205794
0.7634222734
0.763366410147
0.763366410147
0.763338479286
0.76319883265
0.763142977572
0.7631150508
0.7631150508
0.763087124538
0.763031273549
0.76300334882
0.762919577701
0.762919577701
0.762919577701
0.762891655017
0.762835811181
0.762835811181
0.762835811181
0.76280789003
0.762724129642
0.762696210535
0.762333308641
0.762305396688
0.762165844586
0.762137935699
0.762082119458
0.761942587796
0.761942587796
0.761914682997
0.761747264933
0.761747264933
0.76171936371
0.761663562799
0.76163566311
0.761607763931
0.761607763931
0.761496172329
0.761496172329
0.761468275705
0.761440379593
0.761412483992
0.761217229091
0.761189337578
0.761105666105
0.761077776635
0.760994111294
0.760966223869
0.760910450551
0.760882564659
0.760826794408
0.760826794408
0.760798910049
0.760715260037
0.760687377722
0.760575853571
0.760547973811
0.760520094562
0.760492215824
0.760464337597
0.760436459881
0.760213456548
0.760185583431
0.760129838729
0.760101967145
0.760018355459
0.759990485919
0.759879012868
0.759851145883
0.759795413446
0.759683954704
0.759656091296
0.759656091296
0.759628228398
0.75951678192
0.759488921578
0.759349627533
0.759321770257
0.759043225601
0.759015373946
0.758959672169
0.758931822047
0.758848274747
0.758820426669
0.758792579102
0.758764732046
0.758709039467
0.758709039467
0.758681193944
0.758625504431
0.758597660441
0.758569816962
0.758541973994
0.758514131537
0.758486289591
0.758402766819
0.758374926917
0.758263572419
0.758235735072
0.758013054692
0.757985221944
0.757929557981
0.757901726766
0.757846065869
0.757818236187
0.757734750208
0.75770692257
0.757623442722
0.757595617128
0.757539967473
0.757512143412
0.757456496823
0.757428674295
0.757317389294
0.757289569321
0.757122660214
0.757094843818
0.75703921256
0.756900143355
0.756900143355
0.756872331047
0.75684451925
0.756816707965
0.75678889719
0.756761086926
0.7566776592
0.75664985098
0.756538623211
0.756538623211
0.756510817546
0.756371796887
0.756343994288
0.756260589557
0.756232789003
0.756177189426
0.756149390404
0.756093793893
0.756065996405
0.756038199427
0.75601040296
0.755954811559
0.755954811559
0.755927016626
0.755899222203
0.755899222203
0.755871428291
0.755760257754
0.755732466397
0.755565728987
0.755537941207
0.755426795198
0.755399009973
0.755287874184
0.755260091515
0.755093406227
0.755037848553
0.755037848553
0.755010070482
0.754898963309
0.754871187793
0.75473231788
0.75470454543
0.754676773491
0.754649002063
0.754621231147
0.754593460741
0.754565690846
0.754482384228
0.754454616377
0.754371315891
0.754371315891
0.754121442027
0.754121442027
0.754093680819
0.753982641099
0.753954882446
0.753843852945
0.753816096848
0.753732831621
0.753649570993
0.753621818472
0.753594066463
0.753538563976
0.753483063534
0.753344321371
0.753122360482
0.753122360482
0.75309461767
0.752955911277
0.752928171532
0.752844955361
0.752844955361
0.752817217659
0.752706271963
0.752650802181
0.752623068056
0.752595334443
0.752512136668
0.752484405099
0.752345754916
0.752318026412
0.75217939156
0.752151666122
0.75209621678
0.752068492875
0.751874439852
0.751846720035
0.751708128618
0.751624979899
0.751597264682
0.751514122095
0.751458696259
0.751430984108
0.751292431015
0.75126472193
0.751209305292
0.75118159774
0.751043067642
0.751015363156
0.75090455032
0.750876848389
0.750738346396
0.750710647531
0.750572160869
0.750544465069
0.750461380737
0.750433686982
0.75032291707
0.75029522587
0.750184466178
0.750129089398
0.750101401775
0.750046028061
0.750018341971
0.749990656392
0.749935286766
0.749907602719
0.749741509172
0.749713828703
0.749686148745
0.749658469297
0.749575434021
0.749547756618
0.749492403344
0.749464727474
0.749381702929
0.749354029102
0.749326355787
0.749298682983
0.749160326626
0.749077318944
0.749049650739
0.749021983045
0.748938983028
0.748938983028
0.748938983028
0.748911317377
0.748828323493
0.748745334207
0.748717672133
0.748690010571
0.74860702895
0.748579369432
0.748496393943
0.748468736469
0.748413423053
0.748385767112
0.748164537978
0.748136886636
0.747805110898
0.747777466199
0.747611608735
0.747583967613
0.747528686901
0.747473408234
0.74741813161
0.747390494065
0.747362857031
0.747307584496
0.747224679525
0.747197045557
0.7471694121
0.747141779154
0.747031252479
0.747003622088
0.746975992208
0.746948362839
0.746837850472
0.746837850472
0.746810223658
0.746699721511
0.746672097252
0.746616850267
0.746533983622
0.746506362428
0.746478741746
0.746423501915
0.746340646001
0.746313028385
0.74628541128
0.746230178602
0.74620256303
0.746147333419
0.74611971938
0.745926435414
0.745898825463
0.745677964251
0.745650358899
0.745622754058
0.745429534478
0.745429534478
0.745401933725
0.745346733752
0.745319134532
0.745098359168
0.74498798375
0.744960391173
0.744932799107
0.744822435953
0.744822435953
0.744794846442
0.744656906552
0.744629320107
0.744546563838
0.744518979437
0.744408646943
0.744381065097
0.744243163533
0.744105274743
0.744077698518
0.744050122804
0.743939825058
0.743912251899
0.743857107114
0.743829535488
0.743746823677
0.743719254095
0.743553847334
0.743498715836
0.743498715836
0.743471150853
0.74341602242
0.74338845897
0.743360896031
0.743333333603
0.743250649386
0.743223089002
0.743002624327
0.742892404253
0.742864850512
0.742837297283
0.742782192356
0.742754640659
0.742699538798
0.742671988635
0.74245160572
0.742313883006
0.742203714033
0.742176173067
0.742066014314
0.742038475903
0.742010938003
0.741983400614
0.741955863737
0.741955863737
0.741955863737
0.741873256169
0.741845721335
0.741818187013
0.7417631199
0.74173558711
0.741652991807
0.741625461061
0.741597930827
0.741570401103
0.741460287318
0.741432760149
0.741322656584
0.74129513197
0.741212561195
0.741185038625
0.741157516567
0.741129995019
0.741019913938
0.740992394945
0.740937358493
0.740909841033
0.740854807647
0.740854807647
0.7407722614
0.740689719752
0.740662206891
0.740552160558
0.740524650253
0.74035959915
0.740332092421
0.740304586203
0.740277080497
0.740194566443
0.74016706278
0.740029552132
0.740002051535
0.739919552811
0.739892054259
0.739837058686
0.739809561667
0.739672084234
0.73964459028
0.739589603906
0.739562111485
0.739479637289
0.739452146913
0.739287215384
0.739259728585
0.739177271252
0.739149786496
0.739067335296
0.739012370383
0.738929926848
0.738874967046
0.738847487911
0.738820009288
0.738765053573
0.738627673231
0.738627673231
0.738627673231
0.738600198695
0.738545251157
0.738517778155
0.738490305663
0.738462833683
0.738435362213
0.738407891255
0.738325481445
0.73829801253
0.738270544127
0.738243076234
0.738160675623
0.738160675623
0.73807827961
0.73807827961
0.738050815295
0.737995888197
0.737968425414
0.737913501383
0.737831119167
0.737803659451
0.737776200245
0.737693825695
0.737666368533
0.737638911883
0.737611455743
0.737584000115
0.737556544997
0.737419277075
0.737391825024
0.737336922454
0.737309471935
0.737227123446
0.737199674972
0.737117332614
0.737089886184
0.736980105572
0.736952661697
0.736925218332
0.736842891305
0.736842891305
0.736760568877
0.736760568877
0.73673312909
0.736595937818
0.736568501096
0.736541064886
0.736513629187
0.736431325154
0.736403891499
0.736376458355
0.736349025721
0.736239300298
0.736211870219
0.736184440652
0.736184440652
0.736157011596
0.735965022509
0.735855325702
0.735800480364
0.735773058462
0.735608537779
0.735581119454
0.735389205485
0.735361791247
0.735334377521
0.735306964306
0.735252139408
0.735169905894
0.735142495745
0.735115086107
0.735032860258
0.735005452664
0.734841017829
0.734813613812
0.734704002853
0.734704002853
0.734676601391
0.734649200439
0.734621799999
0.734567000652
0.734539601744
0.734484805463
0.734457408089
0.734375219032
0.734347823702
0.734210854716
0.734210854716
0.734183462452
0.734046508796
0.734019119597
0.733936955069
0.733882181271
0.733827409518
0.733800024408
0.733745255721
0.733717872143
0.733663106522
0.733635724478
0.733498823455
0.733334557251
0.733307181339
0.733279805938
0.733197682801
0.733170309443
0.733115564262
0.733088192438
0.733033450323
0.733006080032
0.732951340982
0.732951340982
0.732923972224
0.732841869016
0.732759770407
0.732732405226
0.732622949611
0.732595586985
0.73256822487
0.732540863266
0.732513502173
0.73245878152
0.73243142196
0.732294631824
0.73226727533
0.732212563875
0.732185208914
0.73207579418
0.732048441774
0.731993738495
0.731966387622
0.731911687409
0.731802293114
0.731802293114
0.731774945818
0.731692906996
0.731665561744
0.731638217003
0.731610872773
0.731556185846
0.731446818124
0.731392137329
0.731337458578
0.731282781871
0.731255444284
0.731146099046
0.731118764014
0.730982096519
0.730954764554
0.730872771722
0.7308454418
0.730790783489
0.7307634551
0.730681472999
0.73062682082
0.730572170685
0.730544846384
0.730435554291
0.730353590586
0.730326270373
0.730298950671
0.730189676973
0.730162359826
0.73013504319
0.730107727066
0.729998467676
0.729971154106
0.729916528499
0.729889216462
0.729779973425
0.729752663943
0.729698046512
0.729670738563
0.729616124199
0.729588817783
0.729452293368
0.729424990019
0.729261180651
0.729179282865
0.729151984625
0.729070092972
0.729015501091
0.728988205917
0.728933617103
0.728906323462
0.728879030332
0.728797154009
0.728742572348
0.728742572348
0.728715282284
0.728606127139
0.72857883963
0.728442410262
0.728442410262
0.72841512582
0.728305993158
0.728305993158
0.728224149028
0.728224149028
0.728033197276
0.728033197276
0.728033197276
0.727924093231
0.727869544274
0.727842270563
0.727787724672
0.727760452493
0.727624099265
0.727596830152
0.727433226207
0.727405960671
0.727378695647
0.727351431133
0.727160593845
0.727024297338
0.726997039467
0.726969782107
0.72680624868
0.726778994898
0.726669984877
0.726642733649
0.726479237015
0.726451989364
0.726424742224
0.726370249478
0.726315758776
0.726288514191
0.726206783503
0.726179540963
0.726097816407
0.72607057591
0.72601609645
0.725988857487
0.725907143662
0.725879906742
0.725798199049
0.725770964174
0.725716495956
0.725689262613
0.725662029782
0.725634797461
0.725607565651
0.725580334353
0.725280823795
0.725253598628
0.725226373973
0.725199149828
0.725117480461
0.72509025836
0.724981375068
0.724981375068
0.724954155522
0.724872499952
0.72479084898
0.724763633012
0.724736417554
0.724709202608
0.724600347932
0.72457313554
0.72454592366
0.724437081248
0.724328247012
0.724328247012
0.724301039731
0.724219420952
0.724192215715
0.724137806773
0.724110603068
0.723974592211
0.723947391573
0.723892991829
0.723892991829
0.723865792723
0.723784198473
0.723757001412
0.723593829774
0.72356663629
0.723457867462
0.723430676533
0.723321917925
0.723294729551
0.723267541687
0.723158795344
0.723158795344
0.723131610035
0.722968508916
0.722941327185
0.722886965255
0.722886965255
0.722859785057
0.722832605369
0.722832605369
0.722805426193
0.722669537976
0.722642361866
0.722533662534
0.722397799868
0.722397799868
0.722234781531
0.722234781531
0.722234781531
0.722207613597
0.722180446173
0.722153279261
0.72207178159
0.722044616722
0.721935962358
0.721908800045
0.721854476952
0.721827316171
0.721772996144
0.721745836897
0.721664362221
0.721637205017
0.721555736474
0.721528581314
0.721311358436
0.721257057827
0.721257057827
0.721229908289
0.721202759261
0.721175610745
0.72114846274
0.721121315246
0.72106702179
0.721039875829
0.721012730379
0.72098558544
0.720958441011
0.720877010793
0.720741303982
0.720714164152
0.720605609946
0.720551335908
0.720551335908
0.720524199656
0.720497063915
0.720469928685
0.720415659757
0.72038852606
0.720307128035
0.720279996382
0.720144345781
0.720117217194
0.720035834498
0.720008707955
0.719900206892
0.719900206892
0.719873082904
0.719737470629
0.719710349706
0.719628990006
0.719601871128
0.719466284402
0.71943916859
0.719384938499
0.71935782422
0.719330710452
0.719168038574
0.719140928383
0.719113818703
0.719086709534
0.719059600876
0.719032492729
0.719005385093
0.718815645948
0.7187885424
0.718680133318
0.718680133318
0.718653032325
0.718571732412
0.718463339682
0.7183820505
0.718300765917
0.718219485933
0.718192393627
0.718111119775
0.718084029513
0.717948585868
0.717921498672
0.71784024015
0.717813154998
0.717758986227
0.717731902608
0.717677736903
0.717650654817
0.717596492178
0.717569411625
0.717488173032
0.717461094523
0.717379862062
0.717352785597
0.717109120408
0.717082049053
0.717054978209
0.716973768743
0.716973768743
0.716946699943
0.71686549661
0.71686549661
0.716838429854
0.716811363609
0.716703103739
0.716703103739
0.716676040049
0.716621914203
0.716594852046
0.716486608528
0.716459548926
0.716378373187
0.716351315629
0.716297202046
0.716270146021
0.716188981013
0.716161927032
0.716107820603
0.716080768155
0.715999613878
0.715972563474
0.715918464199
0.715891415328
0.71583731912
0.715810271782
0.715756178639
0.715729132834
0.715593911475
0.715566868736
0.715431662707
0.715431662707
0.715377583873
0.715350545222
0.715323507082
0.715296469453
0.715134254412
0.715053153789
0.71502612127
0.714999089263
0.714972057766
0.714890966342
0.714863936889
0.714782851597
0.714782851597
0.714755824188
0.714647719663
0.714620694809
0.714512600504
0.714431535141
0.714350474377
0.714323455144
0.714215383323
0.714188366645
0.714161350479
0.714134334823
0.714080305045
0.714080305045
0.714053290922
0.71397225162
0.713891216917
0.713864206371
0.713837196336
0.713810186813
0.7137831778
0.713729161308
0.713702153828
0.713648140402
0.713648140402
0.713621134455
0.713567124095
0.713540119681
0.713459109506
0.713432107136
0.71327010365
0.713135114796
0.713027132912
0.713000138718
0.712919159203
0.712892167054
0.712811193671
0.712649260702
0.712595287134
0.712514330614
0.71248734613
0.712460362156
0.712298469046
0.712271488649
0.712190550526
0.712136594332
0.712082640181
0.712055663873
0.711920789995
0.711893816753
0.711839871801
0.711812900091
0.711785928892
0.711758958205
0.711678049208
0.711597144811
0.7115701777
0.711543211101
0.711462314368
0.711435349813
0.7113005347
0.711273573211
0.711192691808
0.711165732363
0.711111815005
0.711084857092
0.711003986421
0.710977030553
0.710896166013
0.710869212189
0.710842258875
0.710680549726
0.710680549726
0.710653599989
0.710572753846
0.710545806153
0.710249415263
0.710222473702
0.710033897088
0.710006959615
0.709953086203
0.709926150264
0.709845345512
0.709818411616
0.709683749805
0.709656818975
0.709468317989
0.709441391247
0.708983714828
0.708956797284
0.708902963731
0.708822217233
0.708687649956
0.708660738034
0.708580005333
0.708553095455
0.708445461052
0.708418553728
0.708337834825
0.708310929545
0.708122606899
0.708095705707
0.7080150052
0.707988106052
0.707772931271
0.707746036722
0.707719142685
0.707692249159
0.707665356144
0.707611571646
0.707611571646
0.707584680164
0.707504008783
0.707477119345
0.707369566702
0.707342679819
0.707288907586
0.707262022236
0.707181369251
0.707154485945
0.706993196839
0.70696631711
0.706912559184
0.706831926129
0.706751297673
0.706616927132
0.706616927132
0.706590054557
0.706509439897
0.706348224376
0.706348224376
0.70632135691
0.70618702725
0.706160162851
0.706133298963
0.706106435586
0.706052710364
0.70602584852
0.705918406254
0.705891546965
0.705730401961
0.705703546249
0.705596128511
0.705569275354
0.705515570573
0.705488718949
0.705408167143
0.705327619936
0.705300771889
0.705273924353
0.705220230813
0.70519338481
0.705032319523
0.704978635182
0.704871273143
0.704844433783
0.704737081453
0.704710244648
0.704629737299
0.70454923506
0.704522401832
0.704495569115
0.704441905214
0.70441507403
0.704388243358
0.704361413196
0.704200442955
0.704119964733
0.703959022086
0.703851737209
0.703771278916
0.703744460507
0.703690825222
0.703664008346
0.703610376127
0.703556745953
0.703529931632
0.703503117822
0.703422679458
0.703395867692
0.703342245693
0.703235007828
0.703235007828
0.703208199639
0.703127778138
0.703100971993
0.703020556625
0.702993752524
0.702940145855
0.702859739685
0.70283293865
0.702806138126
0.702779338113
0.702698941141
0.702618548767
0.702591752331
0.702538160993
0.70251136609
0.702457777817
0.702430984447
0.702323816078
0.702163078854
0.702163078854
0.702136291105
0.701922007511
0.701868441723
0.701841659595
0.701814877978
0.701788096872
0.701761316278
0.701734536194
0.701707756621
0.701573866422
0.701547089915
0.701359668676
0.70130612435
0.701279352953
0.701145503634
0.701145503634
0.701118735304
0.700904607054
0.700877843322
0.700824317392
0.700797555193
0.700717271663
0.700690511508
0.700583476
0.700529961311
0.700476448667
0.700476448667
0.700449693111
0.700396183533
0.70036942951
0.700289170508
0.70026241853
0.700235667062
0.700208916105
0.700128666301
0.700128666301
0.700021673717
0.700021673717
0.69986120017
0.699834456368
0.699807713076
0.699674004283
0.699647264057
0.699593785139
0.699486833435
0.699486833435
0.699460096786
0.699353155302
0.699326421208
0.699272954554
0.699246221993
0.699059108377
0.699059108377
0.699032379905
0.698978924493
0.698925471125
0.698925471125
0.698898745207
0.698765123284
0.698684956263
0.698524636017
0.698364334166
0.698310904304
0.69828419014
0.698257476486
0.698150626982
0.698043785655
0.6980170766
0.697963660024
0.697936952503
0.697883538993
0.697856833004
0.697723310727
0.697723310727
0.697669905393
0.697509701655
0.697483002821
0.697429606685
0.697322820545
0.697322820545
0.697322820545
0.697269430541
0.697189349368
0.697162656666
0.697029200819
0.697002511182
0.696922445339
0.696922445339
0.696869070665
0.696815698035
0.696815698035
0.696789012487
0.696628909928
0.696575546496
0.696548865547
0.696468825764
0.696442146859
0.696335436348
0.696308759997
0.696228734012
0.696202059706
0.696122039853
0.696095367591
0.696068695839
0.696042024599
0.696042024599
0.69601535387
0.695962013944
0.695935344748
0.695882007888
0.695722009573
0.695722009573
0.695722009573
0.695695344976
0.695668680889
0.695642017314
0.695588691697
0.695562029654
0.695455386595
0.695428727108
0.695322094269
0.695295437336
0.695215469606
0.695188814717
0.695055547941
0.695055547941
0.695028896119
0.694948943718
0.69492229394
0.694842347671
0.694815699937
0.69470911411
0.694629180105
0.694602536459
0.694575893324
0.694442685313
0.694416045244
0.694389405685
0.694282852562
0.694256215559
0.694229579067
0.69404313793
0.69404313793
0.694016505526
0.69396324225
0.693936611379
0.693803464688
0.693776836883
0.693643705522
0.693617080783
0.693483964752
0.693457343079
0.693404101266
0.693377481126
0.693217771016
0.693191154453
0.69311130783
0.693084693311
0.692925016927
0.692898405985
0.692791967327
0.69276535894
0.692685536844
0.692658930501
0.692499303174
0.692472700408
0.692419496409
0.692392895176
0.692366294454
0.692206700852
0.692073720237
0.692047125647
0.691860977825
0.691834387323
0.691701442478
0.691674855042
0.691648268117
0.691621681703
0.691541925527
0.691515341157
0.69146217395
0.691435591113
0.691382426972
0.691355845668
0.691302684593
0.691143213632
0.691090060734
0.690983761068
0.690957187429
0.690930614301
0.690824326899
0.690797756326
0.690691479144
0.690664911127
0.690585210139
0.690585210139
0.690558644165
0.690399259052
0.690293012531
0.690293012531
0.690266452178
0.690239892336
0.690239892336
0.690213333005
0.690107100792
0.690080544016
0.689947767801
0.689921214092
0.689788453207
0.689761902563
0.689655705098
0.689629157009
0.689576062365
0.689549515809
0.689469879207
0.689416790695
0.689337161758
0.689310619801
0.689177917682
0.689045228338
0.688992156178
0.688965620864
0.688886017988
0.688859484719
0.688779887975
0.688673766138
0.688647236957
0.688594180126
0.688567652477
0.688541125339
0.688408497316
0.688381973244
0.68824936055
0.688222839545
0.688143279593
0.688116760632
0.688063724241
0.688037206812
0.687931142208
0.687904627334
0.687825085779
0.687798572949
0.687719037526
0.68769252674
0.687666016466
0.687639506702
0.687559980477
0.687427446988
0.68737443717
0.687347933027
0.687241921567
0.687241921567
0.687215419979
0.687109418739
0.687082919706
0.687029923174
0.686976928685
0.686923936241
0.686897440785
0.686791464073
0.686791464073
0.686764971172
0.68665900468
0.686632514334
0.686553046363
0.686526558062
0.686447096223
0.686420609965
0.686367638983
0.686341154259
0.686314670045
0.686288186342
0.686261703151
0.68623522047
0.686182256642
0.686155775495
0.686102814732
0.686076335118
0.68597042177
0.68594394471
0.685838041582
0.685811567077
0.685705674169
0.68567920222
0.685599789437
0.685573319531
0.685493912881
0.685467445019
0.685414510829
0.685388044501
0.685308648581
0.685282184297
0.685149870539
0.685123409321
0.685070488417
0.685070488417
0.684964652741
0.684964652741
0.684938195099
0.684911737969
0.684805914557
0.684779459982
0.684753005917
0.68467364679
0.684647194769
0.684488493377
0.684435597002
0.68440914958
0.684329810382
0.684303365004
0.684276920138
0.684171145782
0.684144703471
0.683774587761
0.683774587761
0.683748153115
0.683668852242
0.683642419639
0.683563124898
0.68353669434
0.683510264292
0.683483834756
0.683404549213
0.683378121721
0.683351694739
0.68329884231
0.683272416861
0.683245991924
0.683113874902
0.683087453031
0.683061031671
0.683034610821
0.682981770656
0.682955351339
0.682796846172
0.682717600487
0.682717600487
0.682691186281
0.682664772586
0.682638359401
0.682532711774
0.682506301145
0.682453481419
0.682427072323
0.682321441048
0.682295034507
0.68213660599
0.682110203026
0.68205739863
0.682030997199
0.681793407313
0.681767010992
0.681608643795
0.681582251051
0.681529467095
0.681503075884
0.681423905317
0.681397516149
0.681265577978
0.681239191877
0.681186421208
0.68116003664
0.681133652582
0.681107269036
0.68097535897
0.68084346168
0.680764329437
0.680711577164
0.680685201794
0.680579705423
0.680579705423
0.680579705423
0.680553332608
0.680342368483
0.680316000267
0.679973259958
0.679973259958
0.679946898896
0.679894178305
0.679788743255
0.67976238577
0.67976238577
0.679736028795
0.67968331638
0.679656960939
0.679525191399
0.679498839024
0.679446135807
0.679419784965
0.679367084814
0.679340735504
0.679314386706
0.679288038419
0.679261690643
0.679235343378
0.679156304649
0.679129959428
0.679050926831
0.679024583654
0.678945557189
0.678919216056
0.678761179989
0.678708505388
0.678708505388
0.678682168854
0.678524160381
0.678497827424
0.678445163043
0.678418831619
0.678339840413
0.678260853806
0.678260853806
0.678155545484
0.678129219681
0.678102894389
0.678076569609
0.678050245339
0.677971275595
0.677944953369
0.677760712095
0.677734393957
0.677602810933
0.677602810933
0.67752386725
0.67752386725
0.677497553711
0.67741861616
0.677392304666
0.677365993682
0.677339683209
0.677313373247
0.677287063796
0.677208138509
0.677129217822
0.677102911948
0.677050301733
0.676945087436
0.676918785139
0.676892483353
0.676892483353
0.676866182078
0.676760982089
0.676734683369
0.676655790275
0.676629493599
0.676550606638
0.676524312006
0.676419138589
0.676392846512
0.676366554946
0.676287683315
0.676287683315
0.676261393793
0.676156240816
0.676156240816
0.676051096014
0.67591967651
0.675893394143
0.675814550105
0.675788269782
0.675709431876
0.675683153596
0.675551769863
0.675525494649
0.675446672074
0.675420398904
0.675394126245
0.675367854097
0.67528904072
0.675262770617
0.675183963371
0.675157695312
0.675078894198
0.675052628183
0.67494756923
0.67494756923
0.674921305769
0.674868780381
0.674842518453
0.674737476363
0.674711216991
0.674658699778
0.674632441939
0.674579927792
0.674474905631
0.674474905631
0.674448651369
0.674422397617
0.67431738772
0.674238635664
0.674212386
0.674081145347
0.674054898749
0.674028652662
0.674002407087
0.673976162022
0.673949917468
0.673897429894
0.673871186874
0.673844944364
0.673818702365
0.673687500037
0.673687500037
0.673661261105
0.673556310484
0.673556310484
0.673530074107
0.67350383824
0.673477602884
0.673372666572
0.673346433771
0.673215277434
0.673215277434
0.673189047699
0.673162818475
0.673136589763
0.673031680023
0.673005453865
0.672953003083
0.672953003083
0.672900554345
0.672874330742
0.672848107651
0.672795663001
0.672795663001
0.672769441442
0.672716999858
0.672690779833
0.672638341314
0.672612122822
0.67255968737
0.67253347041
0.672349966002
0.67232375313
0.67229754077
0.67227132892
0.672166486632
0.672140277338
0.671983032302
0.671956826584
0.671878212498
0.671852008825
0.67177340087
0.671747199241
0.671720998122
0.671694797515
0.671616198758
0.671590000195
0.671432819545
0.671406624559
0.671328042666
0.671328042666
0.671301849723
0.671249465371
0.671223273962
0.6711447028
0.671039948404
0.671039948404
0.671013761083
0.670909016907
0.670778098185
0.670751915974
0.670647192238
0.670647192238
0.670621012582
0.670568654802
0.670542476679
0.670463945375
0.670437769295
0.67028072355
0.670254551048
0.670149866148
0.670045189425
0.669992854129
0.669966687248
0.669940520878
0.669914355019
0.669835860507
0.669809696691
0.669783533387
0.669757370594
0.66965272453
0.669626564292
0.669574245349
0.669574245349
0.669548086643
0.669495770766
0.669469613593
0.669443456932
0.669417300782
0.669364990014
0.669338835397
0.669260374611
0.669234222038
0.669181918424
0.669077317329
0.669077317329
0.669051168333
0.668789706476
0.668763563101
0.668685136041
0.66865899471
0.66860671358
0.66860671358
0.668580573782
0.668554434495
0.668449882456
0.668423745724
0.668371473792
0.668345338593
0.668214670773
0.66818853864
0.668162407018
0.668031756572
0.668005628016
0.6678749929
0.66784886741
0.667744370559
0.667718247624
0.667639881885
0.667613760994
0.667561520744
0.667535401386
0.667457046378
0.667457046378
0.667352580187
0.66727423591
0.66727423591
0.667248122173
0.667222008947
0.667195896232
0.667117561663
0.667091450992
0.667013122045
0.666934797697
0.666830372386
0.666804267336
0.666752058769
0.666725955252
0.666673749751
0.666647647767
0.666569344881
0.666491046594
0.666203992221
0.666177899435
0.666125715396
0.666099624143
0.66604744317
0.66602135345
0.665890912515
0.665864825861
0.665812654086
0.665786568965
0.665734400256
0.665656151025
0.66563006897
0.665603987426
0.665473587371
0.66539535347
0.665369276525
0.665369276525
0.665343200091
0.665317124168
0.665291048756
0.665264973855
0.665238899465
0.665108535181
0.665108535181
0.665030322742
0.665004252951
0.664873911661
0.664873911661
0.664847844936
0.664821778723
0.66479571302
0.664717518977
0.664639329533
0.664535084096
0.664509024014
0.664430846834
0.664430846834
0.664300561755
0.664274506272
0.6642484513
0.6640921322
0.664066080805
0.663831641246
0.663805594961
0.663779549187
0.663753503925
0.663727459173
0.663701414932
0.663623285275
0.663597243079
0.663493079401
0.663467039759
0.6633889239
0.663362886302
0.663258741021
0.663232705978
0.663024444032
0.663024444032
0.662998413588
0.662842241657
0.66281621479
0.662790188434
0.662764162589
0.662686088121
0.66266006432
0.662581995984
0.662529952982
0.662503932247
0.662477912023
0.662425873109
0.662399854418
0.662347818569
0.662321801412
0.662217737891
0.662113682546
0.662087669987
0.662087669987
0.66206165794
0.661983624862
0.661931605366
0.661905596384
0.661879587914
0.661853579954
0.661801565568
0.661749553225
0.661723547821
0.661645534673
0.661645534673
0.661619531312
0.661463521879
0.66135952581
0.661255537918
0.661229542222
0.661151558201
0.661073578779
0.661073578779
0.661021595053
0.660995603956
0.660969613371
0.660943623296
0.660943623296
0.660865656138
0.660865656138
0.660839668108
0.660813680588
0.660787693579
0.660761707082
0.660683750655
0.660657766202
0.660631782259
0.660553833497
0.660423929114
0.660345992617
0.660320014806
0.660294037506
0.660268060718
0.660086237506
0.660008320937
0.659904439844
0.659852502108
0.659748632768
0.65972266671
0.659696701164
0.659670736128
0.659566881096
0.659437073804
0.659411113878
0.659411113878
0.659385154464
0.65935919556
0.659333237168
0.659307279286
0.659281321916
0.659255365056
0.659229408708
0.659151542729
0.659125588424
0.659073681348
0.658917972384
0.658892022679
0.658684443431
0.658658498325
0.658632553729
0.658554723009
0.658528780458
0.658502838417
0.658476896888
0.658321258442
0.658269383049
0.658269383049
0.658243446118
0.65819157379
0.658165638393
0.658139703507
0.658113769131
0.658087835267
0.658061901913
0.65795817361
0.657932242811
0.657906312524
0.657880382748
0.657828524728
0.657802596485
0.657776668752
0.657750741531
0.657672962933
0.657621113089
0.657569265289
0.657543342156
0.657517419534
0.657491497422
0.657387814087
0.657361894531
0.657310056951
0.657284138928
0.657154556476
0.657128641519
0.656947251125
0.656921340256
0.656895429898
0.656869520051
0.656739978479
0.656714071698
0.656688165428
0.656662259668
0.656584545456
0.656584545456
0.656558641741
0.65645503199
0.656403230181
0.656325531299
0.656299632694
0.656170147332
0.656144251793
0.656066568241
0.656040674746
0.655962997326
0.655911214935
0.655911214935
0.655885324506
0.655729992662
0.655704105809
0.655574679213
0.655548795427
0.655522912152
0.655497029388
0.655393503441
0.655367623232
0.65528998567
0.655264107505
0.655212352708
0.655160599954
0.655134724344
0.655108849245
0.655082974657
0.65505710058
0.654979481414
0.654953609381
0.654927737859
0.654798387913
0.654798387913
0.654772519457
0.654720784078
0.654694917155
0.654643184842
0.654539726347
0.654513863001
0.654488000166
0.654384553936
0.654281115881
0.654255257645
0.65422939992
0.654177686003
0.654151829811
0.6540742643
0.6540742643
0.654048410152
0.653919147077
0.653893295995
0.653738200234
0.653712352729
0.65363481328
0.653608967818
0.653583122868
0.653557278429
0.653453905783
0.653376381664
0.653350541313
0.653324701473
0.653247185019
0.653221347223
0.653040496959
0.653014663251
0.652962997368
0.652885502376
0.652808011983
0.652782182874
0.652756354276
0.652730526189
0.65252391989
0.652498096402
0.652472273425
0.652446450959
0.65239480756
0.652368986627
0.652265708005
0.652265708005
0.652239889627
0.65221407176
0.652188254404
0.652110805403
0.65205917529
0.652033361
0.652007547221
0.65193010895
0.651904297215
0.651878485991
0.651852675278
0.651801055386
0.651775246206
0.651672014596
0.651646207971
0.651620401857
0.651594596255
0.651542986582
0.651542986582
0.651517182512
0.651465575905
0.651439773368
0.651413971342
0.651388169828
0.651336568331
0.651336568331
0.651310768349
0.651155979189
0.65110438689
0.651078591507
0.651078591507
0.651052796636
0.651027002275
0.651001208425
0.650769087282
0.650743298543
0.650640148693
0.650614362509
0.65053700702
0.650511222879
0.650433873523
0.650433873523
0.650408091426
0.650279188607
0.650227631057
0.650227631057
0.650201853048
0.650072970669
0.649892556801
0.649763705082
0.649737936271
0.649712167972
0.649686400183
0.649609099883
0.649609099883
0.649583334138
0.649557568904
0.649531804182
0.64950603997
0.649480276269
0.64945451308
0.649377226576
0.649325704796
0.649299944672
0.649171151719
0.649119638114
0.649016617038
0.648990863046
0.648913604137
0.648887852189
0.648759100116
0.648733351234
0.648630360818
0.648604614491
0.648501634295
0.648475890523
0.648450147262
0.648372920546
0.64834717933
0.64834717933
0.648244219573
0.648218480912
0.648038324589
0.648012590015
0.647986855952
0.647883924812
0.647858193304
0.647832462308
0.647832462308
0.64770381499
0.647626632731
0.647600906334
0.647575180447
0.647498005853
0.647472282011
0.647472282011
0.647395113549
0.647292229421
0.647266509666
0.647189353469
0.647163635758
0.647137918559
0.64711220187
0.647035054871
0.646983626093
0.64695791247
0.646932199359
0.646906486758
0.646880774669
0.646829352023
0.646803641466
0.64670080435
0.646675096349
0.646649388858
0.646623681879
0.64634093883
0.646315237983
0.646238138507
0.646212439703
0.646135346359
0.646109649599
0.646058257613
0.646032562387
0.645955479774
0.645929786591
0.64585271011
0.645827018972
0.645647195311
0.64562150826
0.645518765169
0.645493080673
0.645416030253
0.645390347802
0.645287623106
0.645236263824
0.64521058495
0.645184906587
0.645082198243
0.645082198243
0.645056522435
0.645005172351
0.644902478316
0.644825463155
0.644799792456
0.644645778997
0.644620111876
0.644568779166
0.644543113578
0.644517448501
0.644491783934
0.644440456335
0.644389130779
0.644337807267
0.644312146278
0.644235166376
0.644209507431
0.644158191073
0.644132533661
0.644081220369
0.64405556449
0.644004254265
0.643927292759
0.643901639945
0.643875987643
0.643773383544
0.643747733797
0.643542554726
0.643516909578
0.643388691501
0.643363049419
0.6432604862
0.643234846673
0.643157931157
0.643132293674
0.643004113923
0.643004113923
0.643004113923
0.642978479506
0.64290157932
0.642875946947
0.642799052894
0.642773422564
0.642670906358
0.642645278584
0.64261965132
0.642568398327
0.642542772597
0.642517147378
0.642440274786
0.642440274786
0.642414651611
0.642363406794
0.642260923291
0.64218406603
0.642158447965
0.642081596835
0.642055980814
0.64195352184
0.641927908374
0.641876682974
0.641851071041
0.641825459619
0.641799848708
0.641748628419
0.641748628419
0.641723019041
0.641620586638
0.641594979815
0.641492557633
0.641441349608
0.641338939689
0.641262137616
0.641236537947
0.641210938789
0.641134144381
0.641108547267
0.640954975314
0.640929381777
0.640878196236
0.640852604232
0.640724651876
0.640673474511
0.640596712296
0.640571125913
0.64049436983
0.640443201663
0.640289709426
0.640264129175
0.640212970206
0.640187391489
0.640161813282
0.640136235586
0.640059505564
0.640033929912
0.639982780141
0.639957206022
0.639906059317
0.639880486731
0.639778201497
0.639752631466
0.639727061946
0.639701492937
0.639599222012
0.639573655558
0.639445830953
0.639420267565
0.639343580467
0.639318019124
0.639266897969
0.639241338158
0.639139104535
0.639087990534
0.639062434301
0.639036878578
0.638858002826
0.638832451191
0.638704700681
0.638704700681
0.638679152112
0.638602509472
0.638602509472
0.63852587143
0.63852587143
0.638500326439
0.638398151581
0.638372609144
0.638347067219
0.638321525804
0.638193826395
0.638142750208
0.638117212881
0.638091676065
0.637887399935
0.637861867718
0.637708685148
0.637683156509
0.637632100762
0.637606573655
0.637504470338
0.637504470338
0.637504470338
0.637478945787
0.637351330693
0.637325809207
0.637198209443
0.637172691024
0.637121655717
0.63709613883
0.637070622455
0.63704510659
0.637019591236
0.636840998068
0.636738956071
0.63671344685
0.636662429939
0.636509391983
0.636432879648
0.636407376558
0.63630536931
0.636228869239
0.63610137934
0.636050386958
0.63599939662
0.635973902217
0.635897422075
0.635795455707
0.635795455707
0.635769965392
0.635744475589
0.635718986296
0.635642521484
0.635617034235
0.635489605657
0.635489605657
0.635489605657
0.635464121475
0.63531122711
0.635285746505
0.635234786827
0.635209307754
0.635132873602
0.634980019096
0.634954545133
0.634929071682
0.634827182986
0.634801712089
0.634699833613
0.634648897441
0.634623430121
0.634547031229
0.634445173193
0.634419709961
0.634343323332
0.634317862145
0.634266941303
0.634165105751
0.634165105751
0.63413964814
0.634088734452
0.634063278375
0.633986913209
0.633936005653
0.633859648151
0.633859648151
0.633783295249
0.633757845303
0.633681498533
0.633605156362
0.633579709993
0.633503373954
0.633477929629
0.633299833666
0.63327439343
0.633172637594
0.633172637594
0.633172637594
0.633147199913
0.633020019171
0.632994584555
0.632969150451
0.632892851204
0.632867419143
0.632841987594
0.632791126028
0.632791126028
0.632765696012
0.632740266506
0.632740266506
0.632714837512
0.632663981056
0.632613126645
0.632587700205
0.632485999558
0.632409729438
0.632384307086
0.632333463917
0.632308043098
0.632231783709
0.632180946672
0.632155528919
0.632104694948
0.632079278728
0.632079278728
0.63205386302
0.631977618961
0.631952205297
0.631901379501
0.631901379501
0.631901379501
0.63187596737
0.631723505313
0.631698096759
0.631672688715
0.631647281183
0.631596467651
0.631571061652
0.631520251186
0.631418636387
0.631418636387
0.631393233965
0.631317029764
0.631291629386
0.631240830163
0.631215431317
0.631190032983
0.631190032983
0.63116463516
0.631012258951
0.630986864705
0.63088529283
0.630859901139
0.630783729131
0.630732950348
0.630682173608
0.630682173608
0.630656786005
0.630631398913
0.630606012332
0.630529855654
0.630504471117
0.630352174625
0.630326793664
0.63025065385
0.630225274934
0.630174518634
0.630149141251
0.630073012168
0.629996887683
0.629971513877
0.629946140582
0.629895395525
0.629870023762
0.629819281771
0.629793911542
0.629717803921
0.629692435735
0.629641700898
0.629565602475
0.62936269583
0.629337334799
0.629210537308
0.629210537308
0.629210537308
0.629185179343
0.629007687895
0.628982334018
0.628906275453
0.62888092362
0.62875417212
0.628728823353
0.628678127352
0.628652780118
0.628576741481
0.628450020641
0.628424678006
0.628399335882
0.628373994269
0.628297972496
0.628247293869
0.628221955322
0.628171279761
0.628171279761
0.628145942747
0.628044599801
0.628019265342
0.627993931394
0.627943265031
0.627892600712
0.627867269319
0.627841938437
0.627689963876
0.627689963876
0.627664636571
0.627588657722
0.627563332461
0.627512683472
0.627462036527
0.627436713821
0.627411391626
0.627259469188
0.62723415057
0.627132881208
0.627107565145
0.627056934552
0.627031620022
0.627006306003
0.626980992495
0.626854432621
0.626829122179
0.626803812248
0.626677270259
0.626677270259
0.626677270259
0.626500132935
0.626474829647
0.626474829647
0.626474829647
0.626449526871
0.62639892285
0.626373621606
0.62629772094
0.626272421741
0.626120637272
0.626120637272
0.626120637272
0.62609534165
0.6259688712
0.625943578644
0.62586770455
0.625842414037
0.625817124035
0.625766545565
0.625766545565
0.625741257096
0.625665394755
0.625640108331
0.625589537014
0.625564252122
0.625538967741
0.625513683872
0.625437835328
0.625412553502
