26430
16205
15965
1407
3609
8654
50183
42464
60581
6269
3989
3295
34220
47924
5650
31822
45918
5832
50268
62400
2232
16392
38018
2442
50168
1428
52073
202
12145
1399
4067
12426
5340
3784
14494
48097
3104
13576
18039
47577
31788
2479
47539
35404
52261
11308
18766
16340
48998
23401
20319
35019
9503
4888
50390
51268
26171
58954
19071
28037
44001
29951
26673
1583
19565
26601
16732
54114
7175
1877
24974
23893
10343
21101
2906
26435
11705
3323
3732
15452
59395
11534
36300
10467
9659
30715
2257
25677
61893
11375
25704
748
15762
50188
25918
60144
1092
19241
8591
2710
57313
4607
12170
1660
40545
52564
8555
9381
12063
61481
56214
28739
3907
14901
24798
22747
41429
6285
58097
7170
35863
61350
16003
24798
19314
38958
1418
28256
1185
8816
1075
24766
5290
6074
42477
26754
24940
51673
8009
19766
21280
38917
2232
48202
1628
13729
11371
8289
13942
37297
17523
11417
62093
26686
4917
45416
1403
3075
43185
10020
30392
5764
1486
45206
7712
56735
55597
1958
24617
2111
62472
37904
21806
54528
4726
7341
16450
60721
59275
2882
15417
59205
39979
34146
61784
9740
8157
16989
34313
55723
23277
6648
16432
34511
34633
43849
47270
48693
9099
38859
4539
13128
439
46021
25987
9610
33359
12521
25812
3071
1877
4707
18308
2250
43089
10731
7522
5004
53972
18199
3027
3837
18399
37446
23603
28209
4902
47629
7372
50975
3525
50130
7848
51334
55747
55543
12386
4543
43578
5082
26648
60462
60685
34188
16411
61707
24719
31316
31818
47201
58467
45602
27263
2446
40718
54016
1388
11910
56268
16623
39514
58404
5387
37192
138
1407
50377
2113
35848
1325
50459
31196
49873
15747
33558
29513
11924
62332
6561
47486
12980
49625
11347
17480
58527
31138
14576
23108
3999
19583
57473
41312
20163
30601
29905
56179
61044
3075
21148
34555
48933
262
54638
29220
60564
24697
57238
24976
4595
19245
961
45544
45033
34467
30266
27532
48470
33141
24494
32459
22560
17025
23232
42370
40173
39514
62232
3757
60979
19326
11
42502
10939
27752
62421
30436
18745
36680
51330
4164
3778
50698
3897
5454
14663
60182
49397
28256
2968
49752
7341
1144
60727
2053
19965
37539
50433
7905
38510
42245
18338
41598
21595
51708
57047
84
46002
23603
8717
9099
10452
21030
45754
881
12242
41640
7298
40245
518
2162
2253
53078
39283
41505
42190
41996
850
56450
31245
40388
3272
20897
51973
35711
40454
60639
7213
19172
27796
28327
19503
34698
56135
33558
31601
39493
41926
425
58304
35850
56537
51550
1403
48307
52515
16236
10262
24492
18378
48627
7207
19066
3614
18715
59609
26613
3216
38163
7958
59053
32311
4330
47486
51383
36803
5449
43228
23214
30272
11746
17643
2113
55342
682
26288
18081
32624
396
13046
17642
60683
16360
2053
20562
27026
344
6057
40293
38135
9937
32344
27819
50062
55100
8886
50268
57701
20503
153
2437
5504
54508
34599
28837
30941
24124
2126
30049
18715
59100
53950
19565
58101
17892
21066
45328
3182
4801
7173
32144
13673
60163
14162
2359
14709
9464
51687
14921
41676
28292
14717
53742
29178
58385
48228
25147
34868
8632
45938
26394
6731
58384
51061
14320
43421
2154
77
20281
5380
24168
5578
6802
29695
9359
27323
52352
57335
3508
61838
26252
17489
1417
55308
39493
31360
56747
4063
9813
22110
60793
44051
7853
38445
33293
56953
24933
14690
2616
45657
8901
48502
60708
16365
9415
22103
18294
2114
41089
43970
36573
52812
50584
56314
8771
3272
5056
4988
11501
3029
57980
1399
1029
392
44837
16175
42358
6790
55357
49799
18443
27849
1911
58247
34220
6950
49499
47539
4726
40463
47531
236
29632
6500
11331
3026
58835
31108
10758
60508
12839
24492
1905
30277
60605
9434
56209
12564
57377
4615
50450
21429
23929
23885
23983
32653
1038
14516
6858
7584
4777
1298
738
60459
52407
23938
31686
10038
6460
21657
58220
29093
13432
35240
4707
17044
33409
37236
6
329
13116
4126
7365
8591
11347
37031
12685
8289
35503
21383
46560
60807
2046
43301
25674
52158
35695
51256
1440
7207
28233
48228
30372
26454
25703
1019
32364
5082
21657
38991
50504
56016
51229
21357
19536
60607
11918
60943
2118
2122
32346
45627
17110
53330
13330
56144
41199
6329
17494
22156
25771
17018
49611
6062
5832
2956
9062
14206
1418
9718
1277
60558
3859
10797
36340
28333
2642
34154
20
802
24495
28778
42425
20482
4067
13965
24716
8207
50645
1380
43315
6951
33815
21459
34030
14980
54555
10664
42937
4935
56350
53935
51846
1004
2710
11801
53469
45862
22253
13518
10167
50541
14984
1900
37233
27446
8836
111
38657
2241
4174
29712
25612
33708
46012
34032
8560
50799
6760
46491
8157
62016
6636
11299
10358
56247
23114
46885
7226
54432
22748
8555
2687
49437
31686
18390
5756
30502
61192
28469
19442
46406
7090
8659
58641
24978
7286
40435
19189
14050
5650
53291
1994
59371
2604
61011
44434
8838
6087
10741
27287
17584
26455
12406
23701
20406
21457
7938
51268
38675
17757
36334
40039
34449
20925
1563
23453
4457
20462
61126
44970
25855
5580
16033
1911
12857
45696
53579
34384
3896
513
941
19821
18399
36506
16133
38666
2051
3989
201
8813
15273
15470
11905
52656
36642
8550
35635
45880
9349
7905
37111
16418
3897
307
11031
37524
25050
31144
43702
58294
26627
48502
6350
3915
10732
20182
2931
12239
55773
59642
19205
19861
50760
47486
43962
20291
10380
12188
53771
8826
37281
48911
25855
62503
1486
394
22985
20080
47236
2370
20041
23426
7596
18483
1345
58294
62471
4212
2457
45271
11973
49221
45063
62283
2627
51020
4146
6098
34030
41761
53878
60587
58965
45528
850
46798
57025
27475
5082
25936
38964
45556
41517
38904
58837
51242
8536
822
32519
3696
25395
3465
879
2631
24030
1205
56914
6221
30973
489
2118
19271
28889
25045
10482
39446
45238
61932
21973
27268
10172
31686
29415
3700
49761
15620
199
2148
43242
7226
11678
39334
33578
60521
11683
53817
1092
2970
21644
8876
1905
37501
56565
53737
37087
39863
31908
52972
10737
22308
19851
50903
4164
47712
32897
17473
46822
43242
49571
50343
1341
16304
15749
53585
8771
30590
34873
46111
19866
54137
1987
37655
40353
24965
56803
43663
43242
19811
38926
10083
2218
10262
20163
62102
6997
32999
3721
60085
11584
35076
23439
22233
39637
249
47733
58503
4194
4820
14215
9068
2359
16133
18581
36355
3609
23349
42344
41660
138
41643
48502
46848
36340
52024
31370
22751
47688
44445
20340
22039
36266
4209
41660
1696
42293
16877
50820
45626
42708
44552
59916
42098
6239
5832
8232
3963
16867
34838
42224
41350
21522
3277
1519
39862
60540
20
5336
22452
37239
9705
950
46219
22751
31009
20981
37369
50558
27789
12767
738
56253
61571
40084
1248
4585
51989
36136
31937
23113
9194
37086
51462
46132
840
12467
16236
20923
41653
45361
19719
62532
28739
37450
9045
3236
18039
54932
2118
1627
556
12239
59567
20826
6871
24994
1824
38797
3868
3475
38697
31490
61622
57820
7219
28118
24152
2124
15654
51228
32655
31908
8779
9614
51072
44595
41191
20414
40245
53650
17228
2708
36149
5620
43979
16407
47183
14279
8013
3508
18405
62480
2003
37131
41304
2328
3399
39551
54738
2906
41575
43980
43943
40718
45968
7882
27703
46014
1900
2900
3056
48165
47560
35995
13489
60206
5162
33561
14678
58835
38416
14962
52032
42177
23929
25296
47636
34629
44645
42853
17797
31908
7004
37320
5806
65
33465
41552
44098
20383
60848
23108
18039
3999
3566
46132
2287
44538
40942
8139
57880
60050
36413
2704
20556
2885
31038
11845
37058
13580
29088
29037
2930
26674
611
51341
24342
26853
507
15855
51247
23587
23215
60182
3258
32112
28119
32104
35582
1410
27102
4297
18946
20925
37633
57682
26606
43047
1098
12932
850
16318
14171
3410
2480
56003
47918
19719
41454
54580
16848
4832
24908
8268
16065
3147
15781
5637
5402
35368
45613
58130
20810
43329
19816
1172
39332
43685
30282
61462
3609
29401
981
8157
2993
58668
32135
35941
6417
7367
45807
13931
6424
19966
43940
22393
20396
60
18834
34489
22267
56191
27927
20523
21806
12267
23277
42103
61510
15251
21437
39414
3312
49177
51325
1399
39554
23127
12978
951
17299
49716
31908
40157
49799
6804
60909
2020
43824
61196
51028
27992
15407
46620
19746
17066
37371
3032
3937
24017
39324
4802
48171
24617
32008
56047
6625
25587
51725
4171
34511
50975
8018
43943
36715
10557
60947
7294
18072
38195
28317
29864
3947
8901
9394
38304
568
21637
2675
27843
34399
24625
54349
62383
22849
610
47804
263
10150
15251
9718
38324
8418
49837
37450
12202
403
2912
18443
22020
34944
36219
41367
35094
28342
39700
21981
2113
52602
6355
6609
51268
14766
7803
11584
25587
33397
40675
156
50998
36164
31431
60605
33679
18416
22233
51205
34318
15091
4093
19550
35863
848
62079
18216
61128
57200
37378
6731
22574
52970
1418
7298
31698
20587
52952
20579
45685
3320
41635
5319
14646
40057
28522
1668
2573
43979
47633
35531
9965
1340
41877
9303
38512
22027
18903
26022
1943
19146
21172
29350
36812
36535
50506
31842
6417
317
1493
40650
33539
5650
5580
34523
499
12596
44282
45364
1226
24839
19661
34962
49152
10732
40291
14717
18796
29481
36300
55578
27845
1792
24671
1298
1319
25414
23184
29985
9649
40057
60910
19823
17271
899
35831
8894
10622
8826
1340
23983
11624
42139
44328
1485
29839
25920
5877
62098
38036
5921
28628
49090
48933
57580
31043
2372
58668
36715
9639
42906
8868
32317
61812
6303
5670
60602
807
8030
4146
9045
3304
50098
17053
26636
33558
48911
26623
62098
203
41672
54353
28833
31908
30669
60632
52207
28191
39514
18699
16711
26394
60564
36666
19702
45544
28952
34449
2182
36375
5210
834
21756
645
7156
21171
850
18484
12191
55758
10143
848
9217
20000
7606
29220
35404
4626
38738
21671
59265
51268
21151
56250
12896
4457
7685
1525
62130
23406
33416
34518
35336
5433
47081
42977
55009
927
2974
233
32346
8771
764
2906
36453
14697
56179
55864
16084
17708
2445
35745
52260
8487
22334
3469
49726
2690
32738
51121
3025
15497
25508
6293
22818
36116
31525
61741
16133
1722
45473
271
57065
22253
20393
4897
13154
48202
51342
1171
7054
45381
13535
808
11010
2957
37995
19891
60508
2419
8489
3386
610
53765
8935
7682
51268
43799
7568
5344
20587
35144
32225
49077
14901
60194
2931
1991
44742
36179
15633
31539
34243
470
27753
60235
2464
10937
8755
15445
21076
27314
10761
58887
35814
15573
55904
52212
38899
19146
2815
49044
475
13219
42453
27537
46884
15967
14174
9141
15700
27463
16247
47847
32714
16116
30733
22538
47375
3515
16976
4888
7309
21430
9573
16535
1519
2135
53447
33815
42224
17306
19314
20810
21687
15918
13543
16591
40335
2211
48911
8139
33416
18443
36164
53440
37927
56637
5345
2248
18372
42881
12527
30260
61590
7173
37900
39046
650
57336
39910
11250
31309
8582
39514
8269
13807
26471
51941
46270
5438
41890
16083
25802
24505
43364
33558
52235
57187
49689
3855
26301
5233
3307
54349
6395
27276
51482
3304
46331
8665
40353
59916
42073
31504
17213
52792
30689
738
51417
45434
43187
21099
30778
57118
23595
84
2269
27332
28238
50560
49759
2018
11937
41761
9068
18293
57204
60946
54706
25303
600
26640
10325
10279
54932
9099
38203
34147
7170
19891
21657
40723
49924
848
58921
12873
54918
17372
14697
24494
18085
19569
20979
1857
62098
31163
42098
15109
21425
18516
54709
54932
748
58584
50647
24907
1205
4982
3311
39143
13886
19702
56047
37378
31198
54694
2380
30277
37741
32781
2588
2148
9649
22253
28522
1360
36732
6951
35676
111
42916
25995
49594
33964
5106
5167
16591
27569
19523
1197
44467
46068
13705
11365
12215
55782
43439
8506
8592
17742
41505
60972
34335
3216
21215
52407
26027
35925
1738
62178
251
4578
13086
48502
55327
3915
32897
11769
37733
3860
2003
56047
27497
2115
26124
59098
24147
25050
16224
41018
14218
37708
16958
2386
26702
1845
6700
29402
32655
25969
10617
58835
53200
42601
44440
315
59250
15096
61867
6690
58835
25611
10566
57060
14528
31908
16848
52208
31843
27431
24741
5344
6038
47518
23372
58503
14150
20182
5125
42801
8534
11231
13541
24135
6584
339
51864
57782
32404
24434
19173
44412
51028
13739
42915
39450
12379
50211
29592
2393
2238
24168
19966
11139
47577
46182
2147
11193
6885
35858
373
49108
32894
33820
2464
21469
1722
19731
6239
26674
28336
26273
3304
20178
25791
12296
31788
61621
53200
17997
21657
19251
5433
29274
39745
16885
55012
19632
53154
7538
20099
1390
28739
8935
59378
51573
25156
16231
50378
12671
30553
16508
27727
37232
22818
28411
33872
51896
824
56790
19326
32114
23365
23983
10402
156
20167
30783
53539
5200
11878
28837
31450
41432
52227
42068
55927
49077
40966
202
56365
24532
3376
5097
28327
25920
5832
48309
12852
17658
704
33365
42001
38552
40622
23594
49491
34868
5429
30967
11
60144
56314
35681
49949
12310
12541
25296
51100
50772
23034
1204
28400
23406
50445
61053
21406
12379
43470
56378
16236
50135
15646
48489
20383
12942
6354
36026
11663
41480
41890
8144
2699
23096
27040
45208
22027
6899
47114
42507
46852
6269
2483
3371
6
898
47995
4350
726
3479
59564
45362
18443
31686
2950
27703
37447
33430
6363
3475
931
38959
678
26588
23229
1283
19230
53737
47750
8490
28473
49468
29792
49571
4826
31724
1890
35447
23389
3508
4539
4785
40949
6860
54486
5082
27338
28460
13900
42925
27993
49122
45814
7538
41349
52727
16731
41604
50338
48538
5368
26454
47369
4468
28837
59128
4833
15170
27332
21147
58252
49801
51215
51242
658
1418
16589
32502
47924
22953
10937
23240
11798
14363
5330
3693
47827
32693
13392
58054
30019
45544
37297
46996
36680
7437
52800
21562
37828
27834
31865
4852
53415
26589
20503
17307
33299
24926
43997
57529
45236
40725
3732
17844
35865
43791
10625
12865
7156
11193
55259
54901
29721
14967
19792
36026
44467
28099
44895
1897
6899
17474
35427
54853
53079
1877
3387
14709
2672
44257
53873
39332
1102
16396
55295
688
8556
164
1163
53546
624
30007
11660
45840
22069
13507
18362
44281
2392
42530
12072
229
54199
34544
60498
21146
108
6368
1501
42546
3014
29808
59344
12540
59188
13530
38317
39078
21806
33815
29316
47064
32357
18072
35466
10974
40855
24694
50281
4890
8316
42224
6837
50452
55916
46822
23729
12978
37868
2979
24719
27879
59794
5463
52346
40570
36364
24766
10038
21433
57334
42167
5622
20041
62096
2136
1003
13037
20595
22442
23702
8023
29273
4819
289
31171
24547
15853
10705
34765
8771
49689
13876
1575
21657
5614
12834
40622
23438
16247
20118
6168
4295
4110
50175
31486
13811
2905
16736
21974
3117
3614
52407
23519
10552
42839
52028
26273
757
54301
9456
34449
658
15220
3614
21673
3477
19861
48102
56035
22027
16236
56687
47261
5337
40557
32655
42916
7946
2113
60002
2929
22253
61703
23964
6622
1484
6885
21135
909
11798
61579
51256
37084
32426
3177
38609
25781
5853
35644
19791
23110
10014
19329
1579
5025
11798
10903
57658
32384
54235
33416
35082
12189
36948
46847
53468
1469
50657
4935
6072
26586
17109
27895
3914
676
4541
1338
49417
20552
52529
46120
54137
37507
300
44496
13247
41086
5695
15332
33126
36315
43242
28895
12215
26825
60948
19920
21898
19164
29510
21733
27549
84
57473
50631
57157
4626
56844
32874
56923
4386
30733
3567
17683
34220
2016
48878
30080
54638
12379
8334
43637
43748
36300
45584
22184
28652
42478
34057
33651
13739
54042
37087
31605
4814
2072
6703
23655
11578
62226
25297
53415
54661
45935
35643
4078
3146
52266
39327
8157
16065
59277
47712
12779
16197
38324
45751
34781
47126
25488
10084
41881
54448
13580
43011
4578
14404
4616
3330
1998
43053
24994
7372
15203
14522
34409
53002
3294
51779
35148
6735
13739
50719
54524
26006
51864
27431
62098
35927
9565
13153
47726
41860
45544
38324
13586
13472
20727
15951
53582
11406
49905
39003
48933
47307
20456
60605
14791
373
6265
9394
60854
44212
49998
32173
16246
25803
57985
5717
16900
6285
42791
10737
47627
5204
38514
1133
15708
2954
37514
22027
7871
42020
15522
39529
46303
62098
2959
38463
33243
11583
12200
36324
1158
9721
4063
47928
53370
11235
2459
15484
22346
164
27207
62285
19411
22027
29700
2629
38710
56866
26373
1155
19683
19052
30598
21352
1638
46406
928
26020
54932
8847
53275
3732
16965
6528
1666
60564
499
3915
49949
46301
46353
44046
44449
49205
40314
44315
12014
3475
31126
46981
15514
1486
48377
1203
14339
8593
33473
28592
3649
13026
1627
4166
58385
45662
53691
27643
15514
33135
33069
41336
1561
40241
54309
7822
18379
25118
8626
51765
37524
33069
6
56952
14115
48651
13530
21357
14090
26049
3312
496
4926
19
11019
31308
5109
21364
39327
22953
60799
13652
31308
52652
22039
5380
7367
6349
8550
3330
2930
2931
5935
11601
18886
12638
22485
62467
18258
54930
5341
49695
29629
42894
47486
11840
32339
31480
6656
29621
46353
59788
4801
19171
14766
4813
32738
73
26041
45327
30560
55379
43692
20182
2885
22001
47821
212
8157
3295
5433
822
54368
27433
47675
2872
35037
10169
8337
38510
54363
1020
14551
45751
5341
46406
60496
26373
2443
3822
32459
11509
35679
1673
50791
53919
52792
40557
41890
8083
19196
60540
10995
46620
748
26551
62098
4114
50887
18753
42462
35259
20535
26419
51663
4080
27504
51028
20214
19248
29478
10541
43410
41890
18032
1001
30848
44540
25547
6165
49301
10694
12731
29093
164
7698
32773
61579
46219
18010
61833
12978
51985
38873
26047
59667
33376
47406
19654
6084
34452
12145
62246
6169
61171
7488
59478
21911
26428
60564
22253
28522
6953
518
7172
5319
32684
2126
58666
16236
37233
13474
5085
4646
57856
29712
31122
39093
11482
33293
31015
61350
14731
4744
9162
38203
43497
15831
13722
1104
48830
26471
47656
43759
6710
59092
17844
34617
60367
20178
62255
35925
21974
28904
8214
18754
38896
36126
11193
52445
3752
10952
30282
39184
3674
8112
19064
33393
2333
50657
4491
22997
58740
9315
5438
36850
6700
4040
624
18715
32154
7522
14060
57816
19182
56438
1732
28021
36561
20136
41611
11525
33108
3311
11885
10389
20291
17797
8654
7305
30091
981
35412
25984
2704
1
16191
9918
33482
21403
17385
61196
30427
41610
3729
49478
25946
40612
49478
11763
47500
13543
24433
45752
439
29946
56968
15445
32786
50854
41950
43416
51286
45156
708
45979
2711
14141
3425
43228
5689
28958
32339
48956
25973
11525
1358
41913
42060
8604
1033
5319
6646
42708
58404
26473
3967
39451
2842
25703
2182
4585
50084
8838
17075
39690
51708
4382
27800
48985
3075
60564
4174
18443
10617
53525
33348
55308
34791
27860
41862
3700
31822
1400
58544
22947
47986
12971
59795
2708
53746
62206
3537
1338
15676
2448
10898
42224
10739
44983
7677
8099
44416
30019
23607
16133
54017
15203
62098
28825
111
45
12051
4146
18999
45544
10496
7485
22969
18664
12296
5448
38435
11
13264
7025
18443
10336
41590
3133
36230
36300
51733
47329
24671
10888
9194
47445
15808
8466
41480
21871
4134
15932
37115
2392
18120
2802
56211
61011
59128
10636
36764
13518
23319
46282
15747
26309
10467
17983
1469
29488
441
42466
13872
46775
50052
4194
51175
17786
18627
364
29490
7522
18107
54056
26851
11954
30468
12048
29600
52234
25117
46186
28548
26581
38655
5115
16212
7817
45701
2551
28672
33912
23113
3508
45544
10
12634
55832
22716
17997
54932
53761
27843
22704
16150
57096
58461
881
50295
42916
44445
44495
59564
19683
38657
46254
4171
53541
35441
28775
2392
37081
4626
61196
1381
11468
25994
42224
24632
20315
48284
848
18176
32492
164
60717
35044
18303
25906
25370
4174
44562
24995
15440
16577
1255
164
56614
11018
5285
49811
28958
41890
6859
62414
47803
14746
77
30582
18081
17795
58668
38114
57846
49236
43809
39688
13518
19347
56004
56558
53804
2271
16732
47864
2477
5082
32506
8941
37441
2335
38386
43242
59593
10568
7871
51867
41481
1794
16732
1009
12979
11250
49060
44896
21771
4178
27843
60078
5319
24696
27895
9415
27521
11996
4259
35736
55460
48905
366
25074
33651
289
36941
23132
248
3775
31908
47539
2016
4648
58098
57429
35441
59762
4766
50395
11487
10339
42092
12539
48377
21454
35188
38463
9095
5227
35441
15967
61088
25642
60404
6285
28376
58835
6003
52800
20406
5763
3064
28454
13876
33393
34096
17100
51310
19390
21101
6394
22524
37200
982
33679
7570
6282
2440
21261
44604
32895
2459
27549
2984
8826
9089
50997
9099
11905
2957
9460
14363
25803
11763
22253
25154
1824
20509
23960
2217
26301
25274
57504
57405
57508
15444
28601
45695
28586
54137
18847
36715
1769
60588
248
26049
41552
32717
4147
50395
16504
24547
40559
2952
40335
53525
49869
32773
47926
43279
49752
13390
15645
61196
56282
24541
6800
9978
58404
22496
55044
38610
7464
41828
23320
45814
15199
6992
159
49614
35261
13017
25499
475
61849
2003
29197
21930
29401
40037
52106
35679
2477
29297
1905
37143
32572
726
48873
18946
57510
20977
50669
3895
18690
46087
7305
2606
4817
14320
44500
26301
2234
23319
12937
26362
12500
47672
24571
24532
5784
51985
30167
760
10697
25803
26354
34341
1308
48768
9044
39473
10422
45
51227
17584
6655
27642
41934
52139
14046
8868
32684
33408
44881
4175
55343
58037
46350
5082
3861
4481
11640
5489
3223
36324
15981
5723
34545
1554
15605
29793
51599
50084
29842
62206
1420
13733
28099
52903
37373
18700
14555
54155
17844
33887
523
43216
39499
29734
30848
9610
10852
37704
18001
20507
43078
2736
3419
24564
55782
54491
1410
2372
3674
16521
33553
6491
41380
54692
2464
31806
60661
37131
54070
199
1991
1660
4335
19303
19584
20654
37775
58668
30372
13673
17228
50389
14695
57975
25567
30260
30502
1575
12243
13092
2343
22734
164
10864
46527
30406
17419
28825
20224
523
45935
54509
37904
42710
13427
26611
47577
33561
16981
15853
5318
14225
48450
1853
25303
53416
43799
16508
1044
3196
45657
14646
1412
15031
37538
40279
36300
35571
15981
8836
10142
31462
30717
24022
60065
36624
16312
7698
26047
748
32238
44156
39637
50433
6074
19164
38463
35427
42098
30511
52585
32959
8831
56408
40328
2487
56245
7004
40463
19821
48758
35174
1906
4078
31140
43942
37050
26463
39900
31843
19908
15241
28252
2906
31144
34978
4083
19719
11375
58887
52085
48133
24965
12215
20518
9171
7286
29994
2235
45754
56214
33674
2241
3414
7341
20289
21425
58835
51675
51241
25165
44562
10279
49761
9335
18258
49625
22816
47364
28025
2430
55238
33482
20818
55620
25303
23364
2372
3134
19182
12534
5005
14261
3561
30359
32654
41859
54930
3104
3784
6954
43407
40848
2793
34894
20923
31531
9913
17480
6793
5285
44181
37510
53038
37517
35448
54776
11553
33016
40242
15892
43153
23938
35679
59974
15555
32894
16015
44881
14441
30603
3732
53740
3856
33389
46508
199
3475
19
2003
47307
2728
26163
59481
8593
2631
5616
2491
41336
53105
53617
53968
53440
30631
59021
2386
48343
36642
40463
55
12654
22
1797
38010
8771
33422
33651
8157
39450
13789
4227
18115
18416
15540
3765
35303
45231
31446
7924
52085
55369
21454
49551
50445
43095
21232
4101
3637
30776
33375
36251
12987
44612
41805
1850
56274
2687
35783
13673
21970
13453
10905
21842
34024
11906
51849
3569
23067
6778
22653
4761
19454
4876
13026
4011
44127
10339
52032
34500
52801
18507
52466
27796
31308
2257
8632
7714
6658
6368
51177
2217
15632
21806
50389
9069
4539
23983
3148
39080
41336
10270
35858
3332
52346
27703
46735
11130
41915
15411
20168
12564
50130
20810
44913
16084
25946
12675
15056
46206
60631
51342
8968
15864
5524
53412
12675
41123
230
44526
44184
8560
32352
233
52624
40845
41870
14970
13031
9641
23551
58475
16673
41119
1540
60467
52324
6591
6116
33512
4635
32210
47257
24632
21687
1359
1428
3879
13757
32878
30900
18826
50665
6044
5214
1469
36250
51066
12942
5319
52359
5006
4802
19550
61259
44360
25857
44912
14707
1051
49038
35697
56658
14865
45502
59254
26444
15812
52917
32151
50541
3014
60803
49828
20923
17455
54369
7677
28439
32423
8967
58404
19558
164
55366
7712
27610
13530
56298
48333
43387
2807
61066
560
9315
60009
29631
33208
6276
52958
40079
43203
61461
14320
8199
1777
2871
38973
2002
56952
42700
6912
45319
17639
13083
55782
850
41890
39091
15452
46681
3778
50208
35283
2620
32900
8632
847
26253
7298
4177
7570
49414
14675
8568
8031
2310
1238
829
61066
59053
30715
19585
60926
48015
42233
17693
25426
9600
41989
3328
32835
825
2410
6104
38864
16972
13939
37131
51247
20393
25330
10047
7034
38610
11240
37737
5227
17018
5109
12070
52158
9469
56248
12509
3994
33512
7678
5988
20633
18296
9020
39937
567
39244
4543
55864
1820
8858
44582
6826
7181
35005
52123
34840
9535
50964
17700
2906
2232
17471
27703
54558
21530
39199
20616
164
25655
56932
28438
23071
628
19832
40353
12337
6178
1953
29138
51426
59802
22002
40158
7522
43407
30874
53415
27766
34505
4060
57474
18172
12515
2286
16972
6997
45901
61382
44846
59374
8439
6860
18034
44192
39450
49483
19334
16212
2118
3216
16474
14100
40809
29935
25949
30812
24433
18782
24017
11010
57658
1905
55843
50342
58544
13254
42965
42530
18754
25802
6930
9846
38184
44307
11406
7951
33815
9440
11331
1172
52812
57699
6329
24743
51144
62269
39556
1846
52261
21644
5282
9808
53219
4194
1875
49862
1523
16314
7294
10638
45833
24320
209
164
4017
8847
28522
36303
46996
14943
1303
45238
32873
4165
50752
53586
51687
33393
18085
9655
16508
23640
55374
40044
31009
8071
19657
8113
31260
43364
1102
16191
23559
56777
42704
14980
15407
19322
6486
2034
7541
57885
22902
836
53188
48693
45981
12978
31571
27654
34030
3304
3470
54155
14174
34067
51634
6794
41523
30631
7658
2939
43278
20115
16300
55088
3967
42139
16718
38011
33219
13530
16951
20951
4736
21974
23429
50724
8691
25118
48502
32502
39078
5195
3371
658
23349
49651
25050
51687
49869
5450
24293
10142
59404
54016
1
41143
881
83
21099
2317
8195
57060
46695
1937
62018
2195
49473
19861
46371
55180
13800
35659
16732
20510
14984
898
4872
1520
9359
27989
2310
34213
7817
10469
14258
38211
18765
38649
32904
15772
30740
162
52696
22558
7677
10142
22297
16881
5322
37506
38375
3003
14865
52750
39666
24735
4872
41644
54410
55545
2403
11068
23096
3732
15605
6282
32654
55374
52905
26701
31731
39632
13400
12932
22975
19948
10017
33443
26765
31309
2150
3386
17057
35831
31504
8808
2860
20951
3295
59275
31431
1520
21945
11500
53674
61751
51268
10151
32144
37297
6955
10894
62065
3415
24017
34288
2786
8030
43418
2483
9485
37005
50483
41989
337
46922
24519
17216
14863
8062
3488
41882
20896
62389
3247
14369
34953
57906
22253
31943
3857
51809
56840
19132
39184
36743
51325
46553
33815
61742
56851
41643
12115
2419
20383
45968
42718
29037
4194
1905
12427
8876
17116
54390
33981
53458
31293
26080
50620
10079
35628
13580
61920
52759
10598
2879
28750
917
52878
11332
41841
40718
5011
43799
1675
18903
60945
16138
15187
1556
29362
52664
28454
22548
16900
4241
23457
32554
517
15186
2245
979
8164
12003
26686
3598
5109
9068
5319
54448
27882
20278
39630
24447
24271
52032
4048
46611
53917
12001
1197
5580
44596
53913
7939
36230
26401
2457
6887
23406
12050
57845
85
28376
47610
2443
6731
43736
12567
5580
6276
60174
3361
12003
6239
40388
19804
24941
58924
17924
18582
13202
339
2020
28403
22746
53248
62016
24841
25508
61107
22019
41650
42310
36375
47366
59886
4217
49520
138
1430
28739
14697
44342
38077
2014
1051
9630
13770
9146
54740
1875
11624
43509
60462
51334
30778
56016
57710
19421
22149
11353
16718
36300
22181
57696
64
32032
174
718
33553
38416
25649
31359
21930
36509
41017
1187
42253
20382
51268
1800
10756
20981
6495
40688
53617
42370
40061
24806
6438
21468
30698
36266
56179
3676
19749
2477
19289
52032
59577
2113
20182
27261
23984
5756
31879
556
315
9924
12439
46885
5712
6423
49448
43216
59005
2596
38647
23772
14855
58773
50583
58527
22985
4233
40718
12284
5959
30992
47637
32422
3815
44603
31465
20446
35863
29905
23215
24926
20182
10142
5764
8604
38797
1897
16078
7673
3765
52021
62111
56003
14383
24480
48115
18669
56466
2906
35515
59325
34288
35259
1804
54830
19807
32489
12377
1390
7423
29368
23132
17131
953
8487
52000
55114
8410
5763
4825
1520
3744
1905
58812
9865
33007
964
39711
51218
25330
29556
43835
6797
60564
28797
5877
4139
4626
17997
36840
17925
47292
36715
12388
21193
34555
14288
41666
36715
50323
14786
9438
8956
55895
20289
22679
47319
16981
24204
14153
13398
61181
10389
1340
33365
56155
10624
5025
26596
27910
20631
42680
1576
19273
31462
57516
27249
32725
4146
57117
39979
18426
3432
12202
60002
16107
19411
8253
1778
2704
10772
16133
45608
4175
20103
2026
35446
15718
32924
30229
30703
60368
18443
17653
58404
11714
6372
2700
32467
50733
60900
19719
26896
1876
44644
28548
11341
34540
43039
6950
8534
26827
37205
8831
10684
888
51075
21899
40173
1765
13083
7947
18081
37899
4930
25635
1302
13105
28486
5764
32037
56214
52331
24798
6797
15452
43309
44803
20566
10406
31661
5449
55951
12638
59502
51941
11139
34451
57085
31525
55850
17584
32357
26028
19917
7522
17034
27610
54912
5622
44
36417
20896
20930
22346
52800
60564
18740
37291
3053
43685
4793
16453
14152
13395
24925
1607
14562
23277
10370
30185
57781
54353
2128
56223
44082
44156
48937
8680
13376
38416
49828
30436
14272
1767
9202
15186
62328
44289
22686
40839
19894
37067
2930
8781
6566
2791
248
29197
36684
36303
111
31486
37067
40417
2118
2334
14853
13027
24209
37222
21818
40037
1866
46406
9746
3742
10894
16392
33390
1725
15836
6074
31370
55951
60187
1284
18700
2087
47142
20595
31125
19118
2239
59909
54530
23593
5683
7056
10142
46169
6276
9217
805
38968
46090
49202
6363
18073
55453
25757
5031
39517
13008
17322
57321
39299
25303
36801
25245
11068
2445
9162
41935
6611
50461
14050
17844
17353
32492
39477
38670
2906
43559
21615
17106
13026
32508
13580
45809
2067
56063
34893
58544
18754
57962
41358
46025
2067
23108
5319
45659
2786
15316
49427
2118
41003
51487
39178
31026
42277
22653
21357
808
14495
32781
15430
7569
8697
52334
59667
24103
32603
3732
27567
7547
44557
6354
4166
19107
40402
6700
44521
1739
2926
12001
38960
42453
20331
6003
12683
850
5056
32076
36506
2956
27405
7817
43979
42092
45364
34791
8372
3438
7067
7077
59005
37708
41013
43962
18714
2008
13079
30687
18308
15411
11584
40672
2211
11482
3058
27717
1749
24967
23551
8234
5319
25303
46775
34284
6923
51342
2540
23620
5347
38974
50669
30848
32076
2620
32125
61842
20856
9918
3292
6611
37084
53959
26916
49122
20383
14697
2901
21657
8434
39184
52188
23810
33566
9900
3515
8830
29905
1277
17950
53956
2699
5346
28548
12459
9322
15017
55578
60361
1403
7116
59492
11769
2271
61255
57702
34120
16525
36957
7682
41891
21250
42476
25523
56524
16899
31822
18299
3897
7004
62098
44365
21486
6611
30649
1847
36042
1277
1358
56282
12984
45923
822
23229
22628
56084
36303
60508
766
2150
51673
111
10342
6186
53980
26047
2232
22485
37378
6098
45649
4749
2691
17758
35789
21899
35789
5832
52145
13017
21222
51268
9878
52295
36136
35994
8157
37955
59813
28439
26390
47008
21930
6116
6074
49838
7480
5512
24713
1486
58599
57990
18766
60762
17075
52723
53294
3419
53919
21457
6555
23983
6956
3974
52154
17480
39955
927
45254
56570
30698
5344
59708
7924
30129
49441
59395
8118
5214
9878
4259
60200
27273
26047
15836
44995
8337
24277
7321
24568
12564
61139
28912
50744
81
58662
24518
25618
37709
1620
19177
12210
16365
60908
57060
28727
30246
4973
11509
19654
17584
42814
38463
16324
41415
458
16926
1319
5397
3309
22261
25190
21562
42098
2403
15132
4615
19555
52936
27703
55135
14510
45361
84
8816
46068
1542
27283
47632
25050
11627
18946
4087
47883
28169
15522
32690
40622
10420
50811
2135
1044
1176
47621
33116
1791
46085
62226
1051
3823
30259
19750
11980
20246
683
2369
35188
5524
950
5010
7170
53894
6221
36992
30755
25489
21860
61105
4055
24901
7286
33558
35082
17474
48888
33299
17210
54886
14144
43024
3775
14936
54223
29514
51554
56537
60020
7871
47659
36545
2414
6793
18024
13083
31504
36300
54070
53415
4817
17580
28195
18732
32803
51094
19674
58318
4897
16712
51450
25041
3104
16732
9641
17006
9985
40729
1051
25920
51268
686
61011
24168
34873
14605
30639
61753
8530
21356
40115
397
6379
49565
2979
62470
41079
87
40718
7569
19550
51875
8943
12685
4171
2245
37351
42948
111
6186
40303
7440
8564
3425
50348
4821
3075
1038
58404
10081
21930
29120
59521
20182
28539
16623
49305
20652
4350
5882
36573
36355
36300
13586
45473
10894
17032
7496
29887
18687
8810
58835
36571
28251
4146
59269
16859
40517
12980
28472
16212
4447
47591
16513
58807
55226
12215
1501
19079
47260
2414
52005
2118
13390
52807
6057
13876
47899
62318
15417
40157
8634
36053
25704
38729
20018
14494
51006
31342
16602
37972
499
31693
54223
39720
10906
32495
4593
33471
15017
3456
33141
23983
5025
6912
43639
164
54281
32781
11898
17198
4174
840
1520
22597
55259
10513
4707
5450
7207
10400
27753
17962
53617
1340
24220
16226
29118
51603
21151
16591
17131
2271
35351
56203
10441
14106
59478
8935
1857
60194
53600
61920
37502
15109
39735
6293
25071
28279
18115
20161
29769
16965
16804
30282
39114
56223
8489
4872
49147
52196
47375
7004
47476
9395
54305
59114
6134
26473
31785
2631
16247
20118
23452
6329
49574
62016
33815
8909
46967
9198
8377
3304
10155
2477
58968
47673
28952
19112
1785
16236
51268
57669
43076
40454
44495
28522
51687
43512
52208
8887
26394
2317
20180
41680
45544
2104
30963
22944
51733
18428
1729
3928
1607
24538
28237
10634
37502
9188
6701
47605
26623
27533
8268
37218
16535
10053
19521
11630
4073
30272
4300
5010
24617
28441
18169
61350
10142
2372
37021
2690
62381
9405
47900
48627
9889
1996
36924
28895
62000
19664
29712
21972
59395
24521
6438
13811
22716
33944
4982
44555
12819
18669
58835
3258
58396
6495
610
50602
7578
26471
30825
3554
1434
21930
9196
27259
16784
17584
53617
6953
58641
13195
5995
43091
58190
46508
62503
39078
9122
54761
20134
31949
55590
2372
1569
14676
23705
4595
58988
4554
12360
25395
18427
16732
6276
18230
41840
22325
31467
108
44595
16084
46667
42861
14516
3937
2622
52147
45454
15886
49058
43376
21041
51325
5657
57555
11454
20933
61259
4063
41312
4626
58835
37755
34399
29208
48804
14865
251
2704
19531
50117
45752
3784
47183
2446
26471
55084
2958
596
25071
37151
42546
35424
31572
57312
14429
14174
58144
748
44554
3990
18599
18105
38481
16182
32662
4812
52024
1897
23772
4087
26444
42828
56504
35987
10136
46406
41284
49076
47316
3026
16075
5920
46539
40718
18020
20000
8808
22706
55999
36230
46864
44328
3177
32376
2706
35068
49259
2016
7226
59329
8885
45677
21791
34192
42098
16732
52404
1520
21398
2793
15871
46222
48538
24494
7440
41798
26372
5235
2957
28633
44940
15012
9705
50524
38682
52123
22110
6794
4002
45478
48115
3148
54047
54907
1990
51540
11054
5135
1628
19098
27259
12308
16475
38118
15186
54317
42779
25117
6
37912
2708
32144
8661
7041
53476
18766
50789
13134
54508
26108
3508
18081
21865
56537
51242
2755
21423
43001
2450
1715
36975
35794
23169
757
23011
56456
0
11089
24547
43979
12198
5428
6656
35995
49288
49077
23110
64
26287
61712
21568
5344
23440
2672
62206
2136
39199
19523
27939
6652
7256
56249
51417
7480
11500
8327
12439
14528
52106
48896
469
49370
6276
48911
16131
62098
4536
40517
6549
21030
55238
61682
24671
2627
55295
56723
9993
2620
37276
567
29202
46406
13938
1755
202
17686
53009
51609
22574
2926
35441
58360
28889
5
51268
51687
28376
2631
3700
16236
33808
15891
9122
10898
4626
31510
54070
22575
61123
40894
1340
2217
16339
18715
6954
738
31308
1319
62095
6057
5875
18236
13206
10612
45186
4607
273
1973
1319
2631
339
62502
2906
843
14510
2450
34794
34893
248
35329
5960
20981
35441
33679
48375
62310
24237
17810
29899
43788
47240
23279
45230
55599
19674
19189
36230
53943
42224
61139
45208
3707
3432
31073
31936
39899
7490
41232
26387
11844
3659
52466
55754
33279
31018
2189
26471
47303
2672
30825
35798
3609
51055
5319
98
4885
9955
14620
7807
26831
22548
598
27345
6912
43000
34529
32655
51076
14703
41127
41862
834
42538
13739
8232
39555
7006
14225
6365
4322
30071
39679
6285
20750
37962
15829
5341
42369
48908
27273
34793
2118
5732
40842
60508
9649
27849
6221
62098
23484
9956
54954
248
34873
20370
34555
3488
3696
52927
14433
6700
34463
18287
18550
58714
52791
2954
30214
36650
40935
31053
38519
7952
54714
7817
4781
25469
41720
28217
26613
31467
13576
52028
4821
25689
17033
49322
3203
30963
12200
56063
33651
25323
5106
49228
48878
41366
2124
43242
7551
14258
11705
19965
28914
51526
1255
25055
53565
12978
4787
35016
26301
36055
33465
18428
35433
30328
48164
37862
19329
20378
16236
36355
11336
8593
21193
8009
2937
6
47277
14766
15981
58161
33541
19229
37042
24152
28290
48020
46990
17968
40718
38623
28539
61183
38123
18983
35831
8031
29935
15097
37051
32555
30597
24867
888
41522
40036
24967
8696
16732
18969
8887
56963
50663
14132
27911
8826
7305
38860
35227
14901
15747
36261
60468
16344
57107
12268
949
52466
36807
33558
55503
10664
5515
30733
25199
34873
24522
46758
58681
40724
37655
4578
38186
17795
36648
21732
15396
27273
12572
16709
55342
25353
52606
39797
46600
4761
6797
31462
36023
49280
7578
9415
13636
26253
54345
40012
61020
50583
1899
17307
36149
38920
13280
9069
574
54493
53560
22550
2136
39313
40042
54070
11216
52181
21486
40744
60172
12610
55817
8030
29997
7253
46369
6287
15762
40297
56155
20539
18599
61981
8659
3032
3413
13773
53541
12189
31908
58668
6701
46250
23997
26589
41653
42477
4078
6038
39897
47730
61196
49792
61810
60251
758
52397
164
2815
62173
217
50975
475
45706
41906
32050
5004
1790
13037
29842
20886
825
61196
50896
138
496
38027
2906
23885
6797
27405
41552
9649
49983
5340
48998
