38478
44895
8234
8240
2880
3697
47373
46086
46486
45361
23988
21972
52262
52028
53565
9479
53090
52312
8779
1186
1509
953
7774
8856
13773
16119
1578
3971
29119
27792
9346
4194
39000
38459
56375
56024
7923
14714
18919
14582
44891
45873
27324
25499
40649
46121
59722
59742
47271
47345
6334
1381
40457
39690
57493
57407
21920
2124
29124
3970
41702
980
34637
28238
39545
35736
20655
1705
14809
499
31383
15311
4651
3000
16458
15892
49630
42680
45885
45063
43418
38649
18867
20436
35345
26640
6342
3425
56288
55520
46049
46611
33479
35458
38922
37359
13112
13105
60827
60799
21594
21569
50310
31785
5912
15488
38464
37550
57625
57183
24007
22253
60345
59786
35589
33200
2502
12924
56940
56490
32292
52226
51493
20114
46918
46072
29996
16537
59341
59028
21593
10339
47599
43791
47533
46074
50751
49427
53238
52697
56816
56484
43096
61742
32058
28601
16301
31531
62397
62467
7918
22312
8826
42038
59560
59942
27143
25757
22649
17263
35271
33676
44018
41611
55237
54585
52273
50400
34916
50499
8131
59225
48432
879
37894
31122
45453
45271
22487
56465
55219
54769
19616
18443
3996
3994
54996
52958
13383
12760
45500
45210
12845
9021
39633
33284
14725
14171
38681
36140
56331
4324
36018
55228
7133
7125
60676
55020
34566
32173
45943
19293
42455
17881
41931
19021
8673
15082
39946
42233
22520
22707
56952
57019
24451
4080
29624
26473
45059
42889
32104
31269
7035
7034
30151
23559
45568
44258
47690
46025
42249
38557
26835
47644
3321
2877
50245
48998
45746
37215
58412
58144
18161
17686
8888
7570
50141
48393
2725
2719
20992
28169
38276
34433
39314
39892
3939
3948
8763
7712
51624
49158
55865
55161
9628
3947
7563
7557
10289
10284
21799
5993
10943
10705
14604
20509
4900
16680
36246
33216
61751
42642
13578
13576
44085
43151
1000
276
3792
3791
33996
32677
24156
17075
36755
35794
40015
39829
56132
58227
26589
31398
20902
19297
41076
33722
39362
36715
32132
39128
51974
52056
5903
1529
60895
60801
18307
886
33459
56780
22115
20783
51033
53033
58751
57263
47406
3131
31501
27029
14063
981
56548
56097
46774
30438
791
786
42817
36305
15200
13739
16628
13818
40569
36586
32744
30675
23615
7547
4298
3125
50282
48627
26256
24056
36865
34511
39706
35834
7030
5560
19396
1469
38266
57241
36867
39091
25882
26373
60358
60472
15889
13389
25980
6354
35176
31058
24988
22142
15287
20576
55776
55698
37448
45809
30830
28330
15594
3177
54336
53050
40397
38933
31462
38584
56458
56301
4428
5454
31449
52187
20739
18660
22965
18258
23083
22505
36428
5337
26985
16867
25148
26648
35370
35209
18615
18231
60209
57658
49713
47554
32759
31407
13013
12535
24212
21508
8574
49148
39845
45940
12165
41592
45812
44526
30813
24474
41114
41079
6854
2542
23846
23132
30859
26428
3910
3907
48525
47625
43782
53154
27342
21186
38389
36805
21367
19974
41294
38729
46736
45584
1848
60
7611
4146
16907
11881
61245
2743
28675
13762
22741
22062
8844
55940
49862
50062
22746
29643
57754
16673
36100
40809
3760
3757
11464
2860
29887
36071
14094
36498
2260
835
5462
21433
6713
12421
3005
34267
45640
44588
35318
32720
40197
39261
9881
9922
29846
25475
60699
33628
52564
44138
55485
55374
53392
53088
45188
43014
47867
46847
45535
44552
12367
13027
40443
39816
52132
55560
25959
17996
22390
22185
61498
61020
51910
52026
55809
53701
20100
11216
10205
3614
22696
20365
30905
25918
60553
13312
57391
57333
25471
1336
24254
23221
7732
2310
46822
25843
20348
13617
22132
19801
50824
50539
11012
3307
23236
18128
46270
54772
28273
27642
28032
41731
53473
53188
16411
11686
60374
60350
3430
2954
53402
51281
19054
5097
51703
49122
40082
39662
48090
46337
51772
30571
407
6988
7467
5387
43129
2970
43560
38546
2637
2236
61250
61377
52066
50647
14338
3921
58053
57374
41674
33015
52765
51330
47611
41367
21353
19123
12359
37730
42844
42438
30664
27421
55005
53248
17472
2371
60176
59658
37485
28170
32404
18850
36027
32392
20291
2869
40607
35037
22509
24018
60073
59960
14810
41450
43323
1670
645
12652
10336
13136
10017
20183
20109
53601
44846
27124
35699
13276
9641
9199
9193
13620
12035
11554
9808
4889
4885
12849
34935
33912
9445
8680
59648
7080
9771
10265
5239
5233
55299
55141
46394
58159
47441
50698
11485
11365
32428
30071
42853
57646
48667
48206
14890
11936
36363
32317
13285
11660
41145
27405
25406
26071
60993
60587
41934
2117
13440
6330
42021
35628
5664
5657
40897
40359
4745
4744
1490
1485
20926
19019
60195
60018
12385
3609
21641
20675
638
3696
48403
46136
11312
10888
16346
8704
26957
21066
34969
34843
59020
57983
31747
27819
15807
10939
49504
49209
33776
33708
54758
60080
9547
5178
28442
21478
57994
56962
47944
47937
4263
3974
56998
57742
20539
28788
19889
17797
11808
12580
57796
40941
39152
44582
21382
1041
1191
8825
7600
57040
56777
31568
13216
22774
33618
30488
27475
10978
30236
24400
24030
44664
44235
718
2385
56852
29475
29101
19499
19472
15797
17852
50340
27727
34817
34011
44783
39570
46501
46291
42267
40423
33021
2002
46348
46243
25176
21453
57798
52694
4672
4671
12089
2882
29751
14212
39575
58931
62229
62203
24416
16476
1165
1092
52785
51888
60158
60105
48097
14156
37975
37929
45861
45595
35918
35534
35744
32937
61286
17504
37170
38736
29230
61001
16665
15857
2925
5173
14058
12537
36699
32350
29452
28048
21719
4621
16586
9559
44370
44408
29279
23885
5246
5240
54634
54155
60388
59320
11787
49440
60142
59974
2996
2986
21931
20977
23599
22197
38705
31482
56216
55749
28895
60129
40836
43113
19527
19526
27352
28496
17581
14033
29293
2576
56642
57056
36797
32693
60662
61906
55389
41123
30923
49536
23472
7905
25129
3898
42
28490
60929
60984
49270
48028
32885
7197
51890
51227
7475
53314
37718
29985
21265
35866
22708
20180
23613
12289
61615
5832
17526
423
47747
47145
11614
11606
7386
3808
56476
55921
719
715
47545
12638
14788
55886
7195
952
27021
19816
10501
10496
31884
35365
56523
56893
21951
18796
2794
2791
49815
31056
6874
5308
15817
8858
48774
1380
50098
50344
10431
10430
37639
23174
16254
59578
59571
49954
48847
21681
3778
25976
59233
22272
8874
2345
1768
6179
4849
23355
20609
4400
4212
45911
45164
30208
29445
5198
6314
381
376
23339
49924
25846
28539
12458
12457
19015
17947
18547
39680
12131
2554
60387
60368
22114
9965
12684
10469
20770
14258
15310
7974
45273
41841
37422
29145
51108
58848
45115
43650
20241
13001
29899
3282
13432
24505
12855
9955
49170
51020
9809
1364
42261
41714
20130
19850
36077
35245
40975
47194
41746
35156
3734
3729
57350
56195
35946
12133
25198
26669
50596
47685
35448
9903
3050
17480
3724
465
28447
18507
56511
56250
16976
16977
29943
52073
11374
6611
58422
58221
58087
57822
46947
42773
46522
43052
30465
29842
60016
59909
28271
38750
33482
47056
41811
44070
44064
28155
25353
13713
12247
27200
19251
48565
46369
27062
26167
42605
3071
13780
31842
2515
2055
14205
9099
3934
140
25497
58437
11080
11077
15385
556
20102
47983
20873
17116
24075
42045
42650
56327
42343
49980
49183
13290
985
982
20171
14459
54587
44912
8771
9046
15810
4441
37586
9752
11445
43078
50321
31316
16390
12773
44649
54290
3276
1900
21155
18428
59849
60111
51416
49046
1268
1267
40708
35676
41821
41524
8173
3136
27316
25417
54062
52669
35493
22479
15970
20555
19914
8351
59871
51849
32088
37460
47694
43552
32187
31018
11328
10264
19910
8911
61463
2437
51145
51060
43528
36510
2336
2335
57930
57273
5127
5124
38110
19892
57439
57321
55311
55272
8171
61986
61916
42287
19146
22587
20
59357
58940
32663
59947
12494
12388
13109
13900
4487
34809
20077
15203
37465
33359
8422
8418
8140
3752
42764
45544
34106
36680
49944
47115
56629
56275
33322
39114
54085
53996
7729
41761
49655
47621
37923
39425
9674
29539
29709
22656
40290
34234
54312
22548
14965
10621
53987
13729
43258
41894
60659
20978
32494
44602
28863
27901
9513
11266
11000
11563
51230
58956
57801
14612
19324
19322
49717
49470
6618
6609
48611
39556
30224
28533
53288
52470
53699
52196
50454
50092
32675
28962
9039
17441
9925
33547
12812
824
24785
52329
51628
45143
47200
18767
16266
40688
45025
30189
34423
15288
10046
16021
16015
24358
22161
2242
2239
18794
14579
39872
26788
18936
6276
30627
38140
19611
3737
3128
31446
35825
52940
51499
16331
16330
62008
62000
2946
2939
60409
60216
35730
54070
13804
13800
17718
10749
6723
3937
26006
23594
16260
11954
59039
32596
20769
44357
59953
59813
11327
9815
56752
56665
45100
42988
47679
53484
20287
5637
36132
58954
62191
62197
58057
57987
55300
55270
9254
8344
60425
56374
16097
10686
25841
16881
41633
37873
51733
49579
8902
300
9266
2450
8401
9489
60920
61011
44271
41643
52117
50254
38187
37189
2364
1207
1114
162
39518
39941
59251
50944
47712
32659
44485
43278
35441
41670
2313
2306
28529
30082
19711
41915
11595
10478
40298
39466
36860
35306
44232
42012
19383
9374
60981
60915
48771
49571
20645
23362
22930
34629
24466
36364
37704
39029
49206
45074
14395
49625
18351
4922
28229
54073
52757
52624
39353
41666
60878
60740
52061
51968
36742
45114
47386
40303
61005
14329
1369
7887
36419
4134
55078
48215
9342
9335
25166
2123
56118
54665
18327
49648
11156
12666
46340
44515
33374
26661
20760
19766
48547
51498
58989
58945
39023
36387
56861
54646
23766
8490
41661
7910
785
380
53244
42293
34839
34494
33606
24011
39720
41687
40559
40358
43036
55951
43067
41548
21310
22933
28074
3477
33892
33473
48749
47774
48309
48317
7410
8085
30195
28948
54157
52370
2449
2448
33655
30598
49069
56003
27322
45710
47183
46587
42700
53747
52824
24456
24217
47242
46990
4754
978
33672
29994
26131
20949
29716
29368
42525
41552
47626
46965
14494
3465
1965
1963
12730
12811
12882
9818
51955
52794
52689
49161
12032
12007
35020
32182
7051
1355
57121
47401
15238
23960
25003
2953
44209
44645
39759
35390
26190
23127
6446
6329
6482
425
43452
55390
43611
35229
11339
11240
61118
60247
35121
971
45582
1859
41103
37051
62206
27582
7989
2026
1800
5010
19403
17853
3018
3014
460
550
38124
31505
13989
10963
4766
4769
42254
32740
36903
949
55522
54879
61155
61105
37129
33719
54142
53416
21689
12586
27013
15452
37417
55160
55013
8571
6164
33669
50562
20527
29641
35260
62337
57275
36369
12607
9178
59537
59867
19275
47356
35420
33004
57643
52015
32056
38419
30669
19128
13079
24077
35201
30973
4650
5897
49760
48913
60630
60576
12493
17198
14144
44905
44117
30595
26550
25700
14448
27774
26849
28521
33522
61146
61584
1539
47180
55730
3868
50532
55689
46142
46428
59195
56199
27729
18700
33507
27327
22187
8201
15437
12871
867
858
23770
24870
60771
59993
52708
52279
56921
56229
56710
57582
21867
21865
17991
12978
31279
31022
25813
31232
17106
11920
55514
53458
18792
29636
10603
2747
62409
62389
18210
38678
9351
5111
41415
24003
52388
57820
28967
22261
43003
44051
59097
58835
59985
59153
8117
10741
15766
11630
7482
7478
55697
54682
59649
59311
41471
46104
16488
7591
32547
31572
53254
51779
42161
40269
30414
33128
21624
17169
42218
28502
32421
32251
27075
25023
39272
36776
11302
10086
59919
59769
20366
23817
7009
21209
18481
17642
56680
50805
52718
33943
26828
18405
24571
10590
55308
1806
1804
7404
18014
45086
41424
11510
6423
45099
44078
53750
53737
36921
51128
61010
60854
62178
3761
15735
9478
52079
51076
39725
23568
43626
49009
45734
34388
28666
26827
31833
41928
18244
16535
53647
46850
21297
18973
43296
39074
429
419
52809
52260
47768
50395
3135
3127
45476
43331
13303
8349
43776
37510
27905
31245
92
87
59645
59099
61241
61285
56007
61201
29934
2126
11135
5486
58625
58377
7496
19268
4971
3371
15339
12050
19245
25653
17614
10418
24786
14343
9721
48233
47693
22379
7549
33086
40802
56792
56342
47856
56569
28564
27071
14142
14141
14316
16760
58617
58213
28223
4907
45472
21388
41817
40672
32903
31467
15941
19762
38111
41405
14300
34293
32898
10920
14596
34014
25861
23679
6116
50830
50508
62452
62444
28240
52857
15016
49481
49162
12102
59847
23776
37507
55565
55223
61024
60945
28801
41018
38420
26611
13462
8678
33766
38676
61481
50041
49902
49521
31734
20178
29810
25156
23417
9456
18373
18369
61338
61153
2175
35624
17651
6591
52261
53110
1006
1306
46342
57970
57906
43408
59708
8687
4993
40506
41180
58561
57689
3497
4140
15607
9956
7371
3586
45797
45556
23670
23023
26949
26944
9757
9473
13306
21232
20792
33904
38026
37962
29326
24305
29334
25165
37479
37118
28701
44640
28404
41434
3527
3525
41355
39046
52135
51687
58813
42245
24986
25141
62071
39766
51130
49818
17135
11683
45686
36978
15757
20034
47181
38517
60366
27185
26657
23558
23661
30570
16286
1826
26397
43668
18718
38135
43203
16611
16602
34873
36257
40552
40690
18720
658
23065
14605
60006
59893
45375
44881
2134
684
21275
39129
56259
55935
20518
20523
5255
3169
54148
53363
27750
22640
59809
61261
5169
38181
21451
15096
22673
7605
15601
11971
16943
24458
19841
14495
21371
34285
38200
38732
9011
15316
36910
33684
40669
42253
40870
29118
31000
48990
48911
40267
37899
20789
7575
61326
61195
54194
55760
44965
43114
20989
20055
25279
37820
34384
39014
62539
58691
48504
49593
29672
14288
48677
44990
58608
58286
39758
39446
16593
18744
20124
22448
20167
54977
54530
29771
28867
27610
15009
8366
4183
44907
51329
18513
4793
58272
59002
8217
84
28138
26906
58075
57163
46358
43962
23943
23593
49527
47998
31576
29993
49990
48933
36228
32866
49984
50889
25696
13003
9508
9503
35004
35003
48508
28571
14997
24372
32741
37058
3585
3581
17132
2772
747
737
53176
49574
35969
34914
11020
10321
35358
37149
9931
9924
31097
343
1858
12273
27277
47366
19528
2957
22262
20852
44266
46971
48556
20561
19431
10385
10387
25867
23361
1780
764
33641
32708
53065
52969
44812
53873
20318
35138
60969
58392
4722
6884
43707
42660
29937
29676
27127
30603
14624
14620
60637
62226
32142
40278
45652
38215
35427
10612
1958
50351
47945
9398
9395
57979
54531
60212
60063
12765
12557
45396
43077
60466
12911
38458
28290
32106
31786
57065
3476
55654
37048
27486
28234
49110
53412
36811
31998
18066
9322
5781
529
61257
61234
42822
49641
9096
25800
29625
27532
22616
17508
1332
840
8720
8715
7284
15502
4792
248
17010
10905
52376
51864
46735
21879
34948
1777
56634
29697
24773
41899
41610
41830
12646
37298
24974
59490
59075
49181
30327
2768
2765
5321
5316
12236
47357
15771
22401
19329
6857
2690
45252
58773
13341
5932
10220
3973
26820
23240
14471
7372
5389
3711
4090
4085
26218
26896
37472
23772
4955
2988
57441
50292
205
195
57153
56682
52552
52346
22724
18115
3595
3589
48534
37615
59634
59539
9236
9232
22816
13266
6204
6072
34722
23409
3673
3669
41172
40565
61958
62552
61039
60830
60363
59888
27782
16940
14103
10894
61805
61736
13071
44778
50448
49997
56380
56582
8040
1338
51898
53627
57614
57504
59530
59521
1132
458
21326
26445
34037
39041
38121
35336
8752
8749
44108
38274
33178
54448
22850
19891
54167
54281
49629
18715
12883
3987
50964
51643
22710
24686
25134
15647
14244
35007
37992
1505
1501
35491
61455
61371
36508
9530
47855
46981
41629
38519
7705
15476
21971
22871
37835
36219
16053
48993
33101
24581
31804
27580
17667
14717
53531
48202
27726
53796
1351
27032
30825
29805
44216
8565
1303
13328
13323
62181
8071
60226
60194
55799
53617
58488
57601
14742
13682
38102
29036
22
26
1957
47636
22946
17207
31472
26943
60251
1245
49413
31504
6283
1210
45827
42034
26409
12865
47957
49205
5604
3561
548
539
60092
19422
16556
40580
16992
12541
49012
46955
44068
42546
37690
34213
55239
55089
38272
33918
61132
61093
370
12360
19978
10565
53228
52407
11602
6688
6534
6528
43368
42872
25339
17372
40770
39327
48664
48617
23492
17605
38345
32624
50160
48115
38129
49919
49858
34091
31108
8242
2250
38647
42176
25380
42199
55703
53200
3212
2343
34160
32018
21982
21860
26482
5208
24601
21366
17225
26208
31580
25099
16160
15964
15256
15251
29013
27109
28300
1492
48605
48278
8531
1226
32083
30770
18785
41569
46024
13206
47165
47033
49063
51480
20855
24065
4209
25965
8300
1053
58819
10359
39119
32164
13823
10634
58649
22170
42918
42328
25027
24131
23348
23346
42500
40280
53798
47656
28363
26196
60552
60476
30320
51249
27663
15871
30849
40234
536
528
23070
15829
38959
32872
33923
31618
20249
15236
7155
7152
62556
52206
11832
11828
31054
61956
40301
57005
38107
34201
41186
38628
62536
62511
43779
42958
46334
43939
8314
8309
20911
3837
30014
29233
9004
3431
14407
13390
57863
57674
43
33
46260
46408
60521
7786
24794
23279
59397
2293
52654
367
28051
30864
54924
55634
60820
61058
3090
42892
53813
52610
47223
59762
35092
32733
22736
19839
20359
16205
12416
1843
41027
40435
16016
57287
57035
20830
6701
25241
1829
21376
19664
2337
25857
6154
6153
27816
2683
44184
36052
50757
53954
30461
33537
35659
58372
58170
3584
37514
30447
20370
54967
54764
34883
33068
3042
3045
6107
6104
29653
27351
34389
31170
49699
49411
39184
35857
36142
35875
3189
1610
2834
628
51209
20746
27110
19030
16058
21888
21538
29356
45781
32879
49132
45068
56355
54029
9224
882
37853
33992
43507
39328
30405
29690
17019
14675
52374
57416
29821
17730
11235
31941
57465
56912
4719
4707
26819
16596
13394
53030
56588
54930
35500
18299
7104
32616
26674
6526
6522
35646
31510
19407
19064
3433
38490
16211
10798
503
496
29130
9064
28771
14363
10485
6348
61266
34319
56394
54638
5673
38
37812
36962
58777
54499
54331
19902
12198
16621
9468
24605
11792
14919
42153
3949
23427
20947
59823
59564
26650
27984
5099
1238
23334
2136
28597
1050
50785
43836
22301
19349
41898
42432
43041
42108
59517
59240
18990
3784
36981
14967
35021
26372
36612
30340
53989
53665
39489
41688
47585
42315
43353
41676
9437
345
40769
39670
39551
1038
2633
43179
42372
57253
55180
3918
17683
30870
1994
58111
57962
42775
31698
27090
13811
26619
35225
18246
29328
53661
51954
44406
44384
3175
7832
13093
13092
30617
25803
59908
60052
59091
58873
5654
23059
49072
4257
27948
22824
53430
18072
2609
2604
52353
57204
9893
9889
42718
42266
14493
600
38123
60367
40955
37696
13325
15767
33236
35632
33553
27530
26068
61820
24538
20308
3328
31026
14590
33873
15393
49576
2066
56552
54835
33022
32333
17324
16555
41997
41672
17253
15345
13595
2016
18704
17930
489
2715
48148
47037
28232
47730
31622
29478
19655
19973
28515
31473
47836
35671
11935
19699
54629
54956
12462
54202
40138
32674
19455
36840
24926
32454
27690
42707
39372
37205
20388
14676
34398
18024
53035
52445
33196
31046
33692
32384
55884
55480
21071
10169
38083
28159
27207
53841
53467
14672
12003
39779
39836
29355
23609
14217
4593
23698
22969
11340
15671
51074
49506
20611
18332
23640
34458
43759
47304
28532
12464
3997
26299
26080
38036
36200
36645
36506
29804
25731
45668
45462
12923
7283
46585
55502
1348
1345
57221
56558
56568
55770
26790
47821
28767
15516
15514
61483
61355
61735
61721
59969
41617
12792
9030
24346
41906
338
329
5092
49056
59739
45195
10167
3147
24414
6760
26891
32914
3272
5018
56772
55095
37219
36617
27646
10027
9192
9061
537
1044
25719
44296
23194
20435
49298
29600
37092
25635
44448
19534
42561
40173
29140
801
58016
57476
22856
36292
58251
4653
16719
32897
5023
2477
57628
57349
60290
60187
13287
62280
11189
44429
44836
14084
13580
9180
28160
3661
3659
20648
13535
53606
53548
11212
1987
6523
58981
49349
30417
18839
12188
60248
44866
60352
59630
47933
46785
28251
23745
22397
22406
3516
3520
47387
32821
35325
34616
31996
13984
13978
37454
36214
45469
44253
54035
53194
25623
28968
58034
57665
46526
60464
51106
50281
16028
12145
44195
44196
45550
48741
58150
57762
23914
23867
4029
14999
48796
45685
57889
55151
2460
2474
52019
51280
30407
5319
12767
34362
40444
48792
4536
58248
58225
20238
33834
29793
49952
49493
32683
27549
21704
43725
18976
1998
20378
20099
26783
19241
18146
16638
29171
49689
573
156
4800
976
61744
50975
26047
18169
57712
57146
17394
15336
58889
58677
45246
54164
18775
7880
48252
47211
8885
4908
29873
16175
52843
52736
18424
339
12353
14791
36673
35858
10394
7846
47299
11292
8876
1821
36798
56560
55618
20054
9804
33919
26418
22959
19744
60433
60002
20864
44454
36870
30230
25951
20935
10824
7166
1802
1801
62442
62393
2905
4076
51294
14551
22357
49828
29673
12097
2300
3931
1102
2958
51582
47725
53495
53207
3788
3720
2923
1850
48612
26086
25821
5320
27626
4839
50545
38938
56076
55927
10417
7769
4702
64
13584
11746
4677
50132
31438
27480
2777
48809
33475
57846
5251
35747
48576
10377
18826
30258
26899
46413
59664
26011
20243
15772
15773
60743
60706
3566
12167
30881
30876
54055
53922
41664
29266
3358
3353
12031
17347
7822
53482
52644
53621
53476
35107
50560
62074
9570
8146
6622
887
10047
575
31222
60336
60289
27296
23365
59416
49423
7528
5606
61654
61598
44069
44920
45235
54292
11898
4445
3027
1205
3692
10124
9405
59111
58973
33391
33368
55915
56585
19250
17267
7101
4591
52781
50167
46895
44461
33712
31696
53950
20858
14546
4785
26180
24518
12857
56638
32134
27108
10831
9282
18209
2135
24727
31126
55606
55283
13024
31645
35115
33386
52659
3897
56889
56538
5443
19
4748
35761
26444
53908
53881
7930
5987
42556
44491
46071
40054
57216
56950
11921
11918
48193
45077
57429
57701
39137
54369
27136
23961
30895
32330
37925
28127
56296
56536
31605
22597
38777
37592
44922
20840
17288
58189
44623
57388
52905
19259
8660
18374
5480
1761
3309
46706
35635
49582
15067
14692
49200
14670
16732
49080
34670
6979
8361
825
15922
3638
41237
39583
9074
47315
1061
1052
1989
1988
11996
11997
14019
3481
29408
23463
8124
14272
34535
53691
41179
48208
46304
21808
21802
57640
53682
50555
58641
24782
57060
61807
24363
37216
35643
2807
49465
34732
32493
19878
16075
5026
5025
57802
57270
21587
20278
38713
3732
16250
37875
37067
2456
28099
7714
10270
9984
60716
32400
30919
22216
15170
34546
33701
42044
38974
34246
31140
55672
53913
35223
54539
52540
14540
13337
6170
312
680
21531
46233
46882
28042
52588
34760
58257
54968
59794
27985
22550
7460
7440
33502
30848
38041
5056
46391
45381
3610
4149
32263
24107
59825
60037
23917
16212
39084
31701
57518
53334
49085
51026
16155
8378
61590
32423
6959
2252
42596
39579
25414
54753
3774
3772
29449
55787
20617
1831
45276
46946
56866
56672
41204
43491
51925
6543
4801
47790
47539
18080
16634
45084
45817
44803
59310
62104
23881
16959
48154
47627
55907
42519
24237
734
726
14341
24419
19720
48805
42177
24127
30130
21332
16856
30028
40828
38206
36678
4974
51512
51417
39781
39427
42498
38381
26109
60906
28651
25370
37255
35679
4346
51720
57828
56009
13925
13712
28881
31486
26755
23010
39869
36220
35990
35569
45528
48259
40646
39016
44697
45243
7744
1999
25876
25314
41758
41641
45731
44692
11081
29503
28449
24907
13988
5130
51905
51420
43523
8269
19270
44614
53187
52789
42598
3782
4070
227
20889
13876
58568
53956
31637
29858
8891
10112
21662
26435
59019
57382
56346
36602
35580
31470
9027
9032
40178
41344
27883
14861
21528
20212
53059
23407
22381
20528
15865
36888
32761
16452
10406
23073
22612
51161
55104
49757
46938
9650
7938
24608
22942
58342
49074
12285
43568
50687
48986
56589
53191
27059
29123
25875
20225
11250
6517
6090
25403
384
47141
32512
60211
17520
32455
30737
9959
40111
37019
43769
44929
42321
38834
30017
27291
37780
30413
8653
1897
36580
33463
8593
61037
27457
4585
57841
62525
16498
11193
59837
59467
36703
31104
24946
21038
48360
45211
54706
55601
26098
12158
30194
28214
9511
22941
50241
46353
60575
56232
56047
44420
43378
51258
50208
47852
46336
50300
48226
59440
58974
22320
17523
23130
27885
560
6372
7932
57782
29226
27691
46966
45075
17518
16591
25546
28008
43958
58160
5114
12953
30777
30515
19218
17754
37933
9320
30511
27579
43997
45224
19661
24263
2081
2077
23972
53947
31207
55804
4852
61539
14602
51706
61488
5450
17693
18553
54870
54738
29374
29088
59229
54941
55258
32224
10949
43909
43422
45624
35016
5923
5920
62440
47221
52557
51891
30538
54932
17228
3543
57313
56298
2318
38501
40896
37318
19900
18994
60838
56204
921
7755
13120
10937
46119
45695
46848
49329
42617
41780
59254
59308
32802
32198
44721
43524
15137
12975
41228
40721
20051
37066
37345
28176
53270
53146
27279
5145
42018
43107
59697
33269
10544
10541
9055
36425
28855
23389
29789
32381
27273
3763
17629
17750
22957
23991
7607
6834
21847
17584
15511
16000
26575
22273
56136
56029
31355
22574
26127
34446
27842
25879
28835
28834
19990
55309
60520
60490
31150
34757
29113
36066
35595
8979
13441
30289
30238
9138
16915
18520
42259
12984
46215
58007
57709
10095
10094
25917
21383
13673
13676
35560
36250
46870
40240
1862
3957
18774
18773
20223
889
888
26491
11213
61247
60948
5014
5008
13663
15556
26018
6404
62260
62240
29758
28352
12437
12435
57376
56473
23228
22385
18364
18362
23129
23465
28754
27703
39512
7053
48629
52408
55082
54810
696
693
49322
14373
33790
28188
294
32064
34734
34420
43505
9622
51399
51645
18451
2003
12903
12839
21749
21581
12502
12093
34952
27608
12976
5813
36017
32149
49083
48473
28528
42344
47295
47236
43355
25937
21280
1558
1554
38257
39514
20516
14299
13159
12439
19482
665
57724
57471
40804
39666
4052
2443
5134
4429
60566
60498
52155
52234
51576
34495
61562
61453
60646
60588
57335
20747
40101
30809
24697
29002
1787
42286
37455
8343
1212
47143
44268
32609
32736
13083
58473
33828
33793
29633
40904
41594
563
1043
18832
18679
39080
31552
17501
8123
31828
30901
31880
28342
38789
38100
43797
42860
28265
27658
39043
32894
48762
47860
49566
54934
5282
6299
49448
55764
6770
3707
42831
14046
55595
55238
39865
34371
40561
35394
57531
56396
57627
4868
4865
2238
2825
36869
52397
60019
8506
33804
30608
50628
50133
58402
35326
27363
26203
14893
14892
49357
49801
16032
24104
19503
22756
22427
4095
4094
32274
56420
1740
1739
43177
7015
6648
942
941
21230
26785
56339
56206
46271
44427
49484
46110
36334
24412
16717
9158
31488
31037
20504
15858
53729
53600
48995
25583
25297
46789
40944
22814
23118
51091
9616
28446
12617
32854
2974
44543
46541
13969
4794
36153
34320
55350
54952
14688
27452
14610
5559
36632
46052
19637
13415
16508
11902
23587
26497
244
30620
9157
8952
15933
13226
21500
30193
11446
10048
50305
49112
34223
33808
23797
2472
46557
45752
56742
1713
51048
48053
23528
19915
42545
40400
15927
3294
19081
61941
54190
54137
24248
12947
49258
50598
32399
1146
47970
45753
23082
3311
513
3280
60601
28092
2937
25430
20579
22402
16779
14218
31346
29308
35533
16185
16825
13977
16340
43182
6407
2786
9420
5921
31695
44562
44302
34538
3344
27259
5136
2504
4992
4984
13508
13505
19717
19715
17218
16920
57587
13858
33491
29995
14087
39984
61143
61123
21638
14207
43043
40036
30551
21925
41333
40553
60804
60647
20702
8901
49563
45793
45411
44437
3492
2410
62217
21331
20262
33244
9148
62120
18296
1297
9289
54567
54247
52220
53485
20138
17925
59504
48108
916
22100
51472
47393
9053
26485
26354
2839
2053
53901
53746
21220
12368
39153
35674
20208
25852
46830
38864
19031
19029
3522
58971
58223
11596
54496
54118
44609
42486
20595
20756
47902
49016
4709
5168
5167
15532
4934
9976
2234
51744
48902
57295
57161
14523
10523
25621
25318
20196
15988
1927
1928
10115
9846
32681
5837
48135
48083
50142
46114
60753
60665
17658
21760
37212
58548
57345
57948
58624
56768
40237
42965
9366
17883
2302
17033
49458
51163
4347
18104
19400
32096
25602
25983
47182
2205
2198
57012
60168
7944
2013
47476
55247
44323
27359
49178
47202
5970
4282
41311
37227
5248
55624
54349
55409
56823
5963
3076
13867
7954
10269
51013
4738
3554
6421
6417
39531
42873
17409
15635
27045
26232
58565
58276
3234
3216
32138
27468
40211
48642
58504
57917
4789
56660
56563
50584
52932
12721
12714
58480
46186
26507
19305
41923
41549
20216
3320
20733
18122
10356
19196
54935
53180
4286
2417
36354
55298
33752
42829
50747
45981
39011
35401
36578
58626
58530
43111
55498
37
3417
3070
3064
36414
34798
34874
28476
22440
21319
49499
7941
16711
23192
21459
16801
7285
54685
54493
7476
52637
51381
48932
49316
10607
2549
13281
4751
26488
491
43181
43087
40322
4911
4574
27503
28197
11757
1872
54333
51286
20543
20507
31555
29435
59593
57956
4975
2269
6961
373
9762
14530
22925
5892
22915
9415
60312
8358
38144
31728
39164
18561
20983
24657
62089
61932
57314
60909
44850
41720
55043
54223
1324
1172
29409
58627
27099
31794
25835
24005
11804
11798
40058
38492
36406
55620
49306
47072
19095
14786
40583
16236
18057
16899
60484
60467
14188
21573
29485
1029
17414
16128
3388
1747
9241
2700
9370
6470
46845
40186
45732
41304
25625
6185
47766
48929
2305
4468
30510
16116
45615
55881
19155
31841
6000
5995
54230
62333
25877
35693
472
19184
48910
58383
53105
54423
7512
7508
21104
8097
32680
35808
34560
33096
37180
36340
34508
31059
36121
34943
29576
27613
10941
4930
36559
47040
28906
21099
52734
97
32147
25489
28261
26701
42300
20720
44639
34300
54910
51477
40914
38574
15529
15522
19521
50126
30713
29889
22572
16729
52923
52817
54172
54045
45365
41313
48195
49372
4436
18629
37457
32359
3975
5784
43333
609
60189
59501
16962
5763
50063
50044
40048
39723
55792
60043
581
2404
58516
57580
31389
30806
31607
31283
30170
1482
35108
34227
35479
31098
19920
13190
3857
11253
21195
21193
60369
60285
3427
11937
41824
43216
56316
7286
29502
19129
17926
23116
27004
37890
35710
30498
30495
61454
61175
61232
32309
41444
38739
17537
49932
56402
18905
19854
47832
47375
59639
59205
3817
3376
34799
55964
55816
62318
62384
10743
10288
22575
4787
6500
42759
37530
36487
44656
25659
31063
15667
39214
57856
7380
7375
38747
17700
9879
51805
50883
47405
47720
22663
30956
39939
4584
4577
30102
29390
20198
59944
59916
43783
10474
9376
41284
35591
53972
36821
50811
13922
21148
26368
43176
6678
52952
51003
38218
31237
27998
51835
51765
6290
6298
45052
13007
17803
36659
36478
53631
53582
22866
21696
57487
49792
24670
44181
62297
20419
59098
16873
16871
9101
7878
44257
19092
35289
34032
57620
35073
4297
5737
38280
37378
47609
30469
28795
402
398
37337
33009
8412
4821
29317
27976
9164
9162
15579
9177
1280
393
23748
13134
12425
3295
5267
5266
26772
23722
37290
32197
20498
17892
5001
4534
32752
30139
38253
37398
22585
57330
36447
33377
54657
54407
45995
44156
6168
2696
3028
47810
30393
27834
10470
15541
35213
17210
58166
5898
4708
11717
11721
53705
53619
51436
52282
37005
3343
17738
58179
58141
54468
53878
13698
394
21933
39244
56604
45376
4115
3312
5515
15269
23392
38186
40678
40536
52740
55271
43187
36653
14348
14344
13841
9217
39841
39198
61458
61306
16883
11714
31651
14599
42600
22748
3356
23727
52361
51989
16981
55644
4905
2387
45272
23322
22538
30029
15812
26119
37021
2669
650
18213
44043
43849
34237
32602
42235
40869
3835
13219
41097
39797
42393
39943
26162
23713
36407
59562
52485
52158
1682
1674
21863
17489
1483
1477
12833
8462
21395
12459
11526
11516
2850
994
29264
7309
49712
54056
54833
33356
32712
947
957
6692
56408
52037
50506
62303
55343
50146
2798
28202
27753
32011
30754
62086
49555
49194
22994
16530
31311
17976
8990
7100
24330
46880
55568
26607
4200
3626
26234
10249
33203
29734
6682
713
38856
39205
46283
45708
31776
21406
19780
14090
49512
47486
30089
24735
17046
1792
18871
18516
16203
5695
4478
3093
26857
21121
46747
27026
12740
52352
20738
1661
6414
1764
26027
49873
35831
10363
44496
50742
30719
25870
23983
3925
4761
33417
46986
46322
54160
54545
37173
61774
61759
4360
4350
61858
47038
41971
39477
46854
50580
45978
43979
52359
51530
59432
59384
17204
40814
2100
1959
43153
47188
22299
43799
43489
37278
13853
1991
25203
29175
46664
5398
39143
40993
11349
11344
17900
16190
24649
18903
38115
1412
27890
10411
6732
19433
19053
9975
12256
1565
1563
22784
25008
58463
52529
48618
45675
53751
40691
26136
2501
43139
23676
40250
29062
27896
42429
60658
29832
31900
25372
25147
13444
9469
9359
30061
30025
31006
19785
46443
43370
39995
36275
30691
25797
13022
25346
8354
10762
23235
21533
14128
8227
28805
23589
20943
59984
58396
58282
37022
28884
26605
40876
42609
6649
6646
27323
34022
55467
24876
35784
28914
32614
35258
34578
32977
36451
41740
6963
3426
14083
12370
7578
23747
24887
19886
50706
57617
12345
11130
15888
60886
60807
46437
38515
59672
59478
3048
59446
7635
39838
42538
54808
1537
1536
46535
45297
46181
42555
19903
41511
29682
35352
7906
10106
42536
33651
17130
19731
43563
43416
28039
26856
40911
37081
12248
12243
42990
41989
16663
46687
44914
19368
13939
7551
11456
59170
59092
5085
4999
10311
10318
40756
35715
22328
22325
6023
5620
14233
4481
7682
24635
41215
34558
21736
21732
4482
52286
16723
14832
6479
30953
14195
48264
47569
53421
52898
34164
55611
58922
59011
44953
42704
18600
29400
49048
45968
58113
57960
47866
46261
9892
27779
31765
39784
35662
25347
31969
60508
45022
34360
32725
4319
1104
4698
4697
47195
46303
46000
44365
42595
41349
17670
13399
13400
45619
39126
39059
32682
35199
36748
36047
42960
24562
41012
40379
30568
60286
17088
53664
24468
24017
33027
33026
10724
22790
15299
13231
14005
53942
19142
17595
21215
22214
25607
25220
26800
27428
3812
59989
59864
15160
37585
5631
5624
40299
43246
19011
21468
23578
49371
48138
23425
62342
28586
37566
5057
12218
25178
38011
45353
12320
2359
56424
56016
23066
23849
49021
47437
57286
58153
8101
7392
21462
20010
33615
29712
4937
4935
6105
10973
4100
42189
33266
19348
25734
53535
19619
6912
40820
29059
27221
52199
51634
42298
41514
62004
61999
11527
1865
583
52802
52674
60120
60380
58512
56515
60456
60296
62394
33681
31352
5489
1158
27857
18589
62325
62353
62366
1846
47129
47024
33370
20310
21629
41232
36403
43128
41967
28325
30283
25641
26530
49799
49652
44219
38382
11042
4130
40442
49060
24962
54183
26647
1293
46027
56963
1144
2886
44559
46881
46371
60201
59926
45481
38921
34325
41497
25663
30480
1820
2356
1525
1531
34876
30941
36285
37977
25751
7777
4764
4765
55421
60577
53311
51354
53354
55000
62195
62167
33548
22504
59835
649
23480
21907
38337
22445
4060
23951
41219
43490
2810
2802
44462
44130
836
1392
51903
50652
30872
27909
13262
47995
42796
52676
39883
37379
2240
38833
16055
8028
6466
50700
50389
32647
30374
43444
43064
476
60649
37610
25523
11421
8830
9939
2634
6163
2088
33403
28958
58797
53771
34671
35247
39954
39748
44706
38429
53161
53002
30202
30205
61633
61610
61649
60669
49905
51630
21785
19536
24702
25323
9168
23606
17304
3121
9544
50527
44040
37000
36671
49054
46568
21520
7700
21124
18065
29220
45804
25901
24016
53216
47142
31136
30149
15295
9326
16636
4723
4228
56211
40187
40141
38228
36535
21214
33363
863
2434
15629
32950
28956
59750
32526
37596
30559
46581
21985
44847
43339
25974
23582
16421
13872
39159
29689
12065
43156
32979
39859
20940
9890
47943
44906
55643
55366
53447
53011
6172
46592
44685
23904
22393
45909
44145
35537
34857
33807
23938
29127
11102
83
53968
55810
16790
16784
37655
42485
652
648
17425
14962
25579
38171
36023
38972
46135
46887
46663
29489
27030
26696
8150
54173
13870
32920
30406
51561
50211
27636
17153
4023
1875
41916
35261
53692
36204
24157
57805
56939
1390
7017
8805
7976
45091
33658
14740
26035
57169
77
23643
50849
5065
58410
40037
40336
32696
28775
40755
4835
22342
19505
2271
2274
5107
50201
31319
29386
60808
60692
35071
31234
9357
9089
1891
1833
35060
39738
25150
24738
60668
60558
25765
21429
4047
2697
16289
14868
38477
37865
33434
16961
34905
35126
58338
61137
55156
16353
16131
8810
8886
33729
1004
54872
55243
46093
45667
44729
43744
11139
967
15819
60602
57688
20168
19991
3624
34132
30299
43251
24405
25626
15893
10453
8592
35598
23457
46414
37159
38674
42025
12179
10731
28696
53145
35796
36156
20150
20144
28289
23511
35373
33094
5380
5381
38997
38482
2948
44843
43903
33243
34284
32800
30682
59839
59540
2726
47075
51680
51263
61979
61461
36800
58309
58192
28685
2445
60023
59570
9127
20374
8747
2618
55418
55073
59764
59378
34072
33945
17579
8232
39639
35896
51781
3634
39889
37476
51808
50572
33487
26553
47477
47342
30294
9950
17606
16848
51147
50768
20341
18766
28111
23623
38837
36450
15349
3223
13160
12683
45042
43335
38360
36056
44352
40848
41873
26980
17691
56633
36765
41220
62396
62379
34240
10860
46453
45979
58976
23980
3263
3258
11348
21562
12802
3304
39803
39799
57552
48210
29213
47844
4498
4493
56692
55916
30875
30579
26195
25330
7056
50887
44183
41881
53897
42167
34965
11018
23729
19825
43130
46312
6501
4962
56646
57571
30798
26593
25089
1326
46597
46420
29373
26010
1521
11558
33193
32714
7849
5754
26463
27254
14137
3776
46591
53669
53463
53926
25699
7947
37488
36812
33478
59872
22795
29974
831
828
16274
44170
12138
6657
5160
51270
11623
42916
51525
53825
50546
8302
1339
8163
7207
23068
53713
50
44
35159
33870
37289
323
29647
22922
3496
53609
48733
34723
38703
36318
32032
299
35869
32907
12778
3224
41000
38971
53275
4476
61944
39218
60370
38470
38286
24714
24271
4026
58177
2069
2067
10416
21472
56358
56144
56278
55126
24060
24064
41033
40376
52310
49620
61366
61314
43084
41847
41380
10558
16513
7389
2617
42547
28320
10099
38098
35006
61320
61287
60626
60531
3838
3833
22670
33187
54744
54694
15633
8745
26656
26487
41659
41009
13760
30022
53015
52581
42288
24617
60698
960
57758
38128
21045
6074
9018
1857
39871
27445
48057
42839
40345
43235
35256
24678
35836
33387
57696
57694
25344
24343
56681
31912
28779
55393
54825
33916
33127
14883
8394
18338
18386
59977
59155
49664
48470
15846
29723
51516
47803
36789
21235
42200
37281
55979
55226
487
486
30997
34526
61233
54170
16510
2268
3346
28445
49624
5286
5281
33747
28952
8182
7340
7024
21330
12962
229
21557
21306
56769
60648
53267
53540
49171
46033
37872
40121
22235
54648
27941
26920
11856
