0.99980819794
0.999648376943
0.999488568721
0.999328773274
0.999137035601
0.999009220705
0.998945316323
0.998881413985
0.998817513692
0.998785564311
0.998721667084
0.9986577719
0.998561932957
0.998370268868
0.998274443722
0.998018932483
0.9979231242
0.997891189128
0.997827320516
0.997731521431
0.997699589425
0.99757186651
0.997508008118
0.997476079689
0.997380297467
0.997348371082
0.997124900693
0.99699721457
0.996869536623
0.996741866852
0.996709950686
0.996646119889
0.996486551838
0.996390817139
0.996231269528
0.99616745406
0.996103640637
0.996007924334
0.995880309752
0.995816505526
0.995657003905
0.995465618823
0.995369933181
0.995274252137
0.995146684567
0.995082903848
0.994923460992
0.994795915905
0.994764030911
0.994604613606
0.994508969354
0.994349572489
0.994190188399
0.994158313113
0.994062690324
0.993743980909
0.993648378048
0.993457186125
0.993393459572
0.993329735063
0.993234152132
0.993106715378
0.993011143178
0.992947430933
0.992788159263
0.992756306462
0.992469654248
0.992374112708
0.992246731142
0.992151200334
0.992023833076
0.991928312998
0.991832797519
0.991641780359
0.991482613955
0.991323459816
0.991291630521
0.991227973464
0.991196145702
0.990941542003
0.990718790594
0.990623333369
0.990273362893
0.990177927131
0.990146116232
0.990082495967
0.990018877746
0.989923454248
0.989796230582
0.989605409646
0.989478205909
0.989351010348
0.989160232336
0.989096643754
0.98893768124
0.988778731501
0.988619794538
0.988556223329
0.988397304251
0.988270178186
0.988206618219
0.988143060297
0.988079504419
0.988047727246
0.987984174433
0.987920623665
0.987825301345
0.987729983624
0.987666441032
0.987634670502
0.987380524661
0.987316993311
0.987126411524
0.986904089356
0.986808816093
0.986713547428
0.986491271762
0.986332518759
0.986237273089
0.986046795547
0.986015051078
0.985919820738
0.985824594998
0.985824594998
0.985570682173
0.985412003266
0.985253337133
0.98522160544
0.984999497893
0.984872590537
0.98471396784
0.984523637466
0.984491917526
0.98426989225
0.984111318098
0.983984467975
0.983952756721
0.983889335747
0.983730792255
0.983572261538
0.98347714924
0.983413743596
0.983413743596
0.983350339996
0.983160141461
0.983128443494
0.983033352658
0.982938266421
0.982779799579
0.982653035303
0.982621345512
0.982526279204
0.982431217495
0.982304475704
0.982209424726
0.982082697243
0.981955977935
0.981924299386
0.98186094382
0.981797590299
0.981670889388
0.981417512094
0.981385842231
0.98132250404
0.981164167504
0.981005843742
0.980879193931
0.980689234545
0.980467638512
0.980372676448
0.980309370961
0.980246067517
0.980119466763
0.979992874184
0.979866289781
0.979834644958
0.979708070775
0.979549864545
0.979454946938
0.979296761148
0.979170221713
0.979075322503
0.978980427891
0.978948797376
0.978790652466
0.978664145736
0.97834791468
0.978221436566
0.978158200574
0.97806335042
0.978031734724
0.977842051279
0.977778827552
0.977620777177
0.977494346075
0.977399528114
0.977241508399
0.977146702702
0.976862313205
0.976735931159
0.97654637342
0.976420011815
0.976388422691
0.976262071305
0.976198898678
0.97610414357
0.975946228611
0.975883066204
0.975756747522
0.975662013877
0.975662013877
0.975219984339
0.975030573769
0.97487274568
0.974746492407
0.974557127827
0.974367781643
0.974273115449
0.974210007209
0.97411534868
0.974020694751
0.973926045421
0.973831400689
0.973736760557
0.973610580868
0.973579037223
0.97354749409
0.973452867754
0.973295167416
0.973200553344
0.972948271639
0.97282214305
0.972759081821
0.972601437693
0.972506857348
0.972412281602
0.972317710455
0.972160102096
0.97209706233
0.971970988929
0.971907955295
0.971813408676
0.971687353672
0.971498286495
0.971403759805
0.971246225542
0.971057201289
0.970994197293
0.970931195341
0.970742201748
0.970647711851
0.970490238908
0.970427253308
0.970395761274
0.97026979825
0.970206819804
0.970080869044
0.969923442091
0.969860474887
0.969766027914
0.969577147764
0.969356810839
0.969230915267
0.969136498954
0.968884744602
0.968884744602
0.96875887969
0.968538635768
0.968475713532
0.968286959089
0.968224045029
0.968161133013
0.968066768822
0.96790950539
0.967657910471
0.967595016851
0.967500680254
0.967374905279
0.967343462812
0.967186258146
0.967154818745
0.966997629409
0.966871887137
0.966746153042
0.966588996921
0.96649470938
0.966400426438
0.966274723003
0.966243298421
0.96608618318
0.96602334066
0.965960500185
0.965897661753
0.965834825366
0.965709158723
0.965646328467
0.965552086917
0.965552086917
0.965457849965
0.96542643867
0.965300798599
0.965112353822
0.964923927442
0.964829721151
0.964704119916
0.96454712987
0.964358758678
0.964327365268
0.964201796737
0.964076236383
0.963919297437
0.963793755478
0.963699604375
0.963574076725
0.963479936352
0.963385800579
0.963291669405
0.963228917844
0.963166168326
0.963040675424
0.962977932039
0.962915190698
0.962821082519
0.962632879957
0.962507421803
0.962507421803
0.962413333553
0.962256530023
0.962162454037
0.961974315862
0.961817548102
0.961786196083
0.961629443653
0.961504050907
0.961410011713
0.961378666337
0.961221947122
0.961127921725
0.961002561684
0.960814536951
0.960657863726
0.960626530614
0.960501203277
0.960407213139
0.960344555602
0.960219246661
0.96012527032
0.96012527032
0.959999975687
0.959937331436
0.959937331436
0.959843368892
0.959686774873
0.959467564708
0.959373625159
0.959248379582
0.959217069465
0.958966606927
0.958903996402
0.958872691906
0.958684875662
0.958622274336
0.958528376179
0.958403185789
0.958340593661
0.958121537308
0.958027663678
0.958027663678
0.95787121785
0.95787121785
0.957808643095
0.957746070385
0.957652215151
0.957464518482
0.957433237492
0.957308118644
0.95715173158
0.956964083967
0.95677645475
0.956588843929
0.956369987889
0.95630746219
0.956213677475
0.956151156887
0.956088638343
0.955994864359
0.955463565321
0.955338575245
0.955276083272
0.955119862285
0.954994894692
0.954932413962
0.954869935276
0.954807458634
0.954744984036
0.954651275971
0.954463873639
0.954370179372
0.954245260836
0.954120350476
0.954057898362
0.953933000266
0.953901777019
0.953901777019
0.953808110346
0.953714448271
0.953652009444
0.953464705224
0.953339845964
0.953246206885
0.953152572404
0.953090151973
0.953090151973
0.952965317241
0.952778080473
0.952528460577
0.95237246443
0.952341266734
0.952154091287
0.952091703559
0.951935743182
0.951842173088
0.951748607593
0.951436755825
0.951343210259
0.951187311713
0.950875551925
0.950782033954
0.950626180887
0.950532675179
0.950470340596
0.950283349109
0.950283349109
0.950189860265
0.950096376019
0.950002896372
0.949940579163
0.949815950876
0.949691330765
0.94956671883
0.949442115072
0.949442115072
0.949286371871
0.949099496893
0.948974923794
0.948912640311
0.948819218918
0.948663526818
0.948538982335
0.948445579339
0.948352180941
0.948227656899
0.948227656899
0.948072013343
0.94788525794
0.947760764557
0.947667399886
0.947636279351
0.947511802321
0.947418449914
0.947293987191
0.947138420286
0.947013976471
0.946951757374
0.946889540321
0.946889540321
0.946827325312
0.946702901426
0.946609588877
0.946578485716
0.946485179299
0.946422977576
0.946360777897
0.946205287642
0.946111999621
0.946018716199
0.945956529806
0.945832163152
0.945832163152
0.945738893528
0.945707804675
0.945707804675
0.945552368075
0.94539694425
0.945334778298
0.945303696088
0.945117213559
0.944930749938
0.94483752477
0.944651088232
0.944433602188
0.944371467917
0.944247205508
0.944029765965
0.943998705217
0.943905526039
0.943626016101
0.943563908402
0.943346547554
0.943284449053
0.943036075491
0.943005031095
0.942942943837
0.942849816782
0.942818775452
0.942725654529
0.942663576468
0.942632538204
0.942508390259
0.942353216826
0.942135995481
0.941980852707
0.941887773175
0.941825722709
0.941763674286
0.941546520905
0.941515501037
0.941391426676
0.941329392562
0.941267360492
0.941081276545
0.940926220642
0.940709163839
0.940554138596
0.9404301276
0.940368125168
0.940306124779
0.940275125352
0.940151132751
0.939934165374
0.939810195258
0.93965524411
0.93953129239
0.93953129239
0.939469319596
0.939376364238
0.939252430914
0.939097525756
0.938942633373
0.938849704076
0.938787753766
0.938663859278
0.9386019151
0.938509002666
0.938447063598
0.938385126574
0.938230292956
0.938075472114
0.937951624638
0.937580131267
0.937549176808
0.937394412176
0.937301559529
0.937208711481
0.937146815337
0.937023029181
0.93699208392
0.936868307985
0.936806423083
0.936713599563
0.936651719771
0.93652796632
0.936435156597
0.93594024908
0.93594024908
0.935847468484
0.935785617308
0.935692844377
0.93556915429
0.935538233046
0.935538233046
0.935445472379
0.935259964842
0.935105389281
0.934950826495
0.934919915471
0.934889004957
0.934827185464
0.934734460056
0.934209104483
0.934085512508
0.933869246226
0.933745676735
0.933745676735
0.933560337829
0.933467675275
0.933467675275
0.933467675275
0.933282363963
0.933004431488
0.932911796528
0.932819166166
0.932664792451
0.932541302677
0.932510431511
0.932448690711
0.932325215245
0.932232614011
0.93217088241
0.93204742534
0.93204742534
0.931954837903
0.931800535727
0.931738818434
0.931677103185
0.931584534144
0.93146111591
0.9313685576
0.93121430397
0.931121757924
0.93099837035
0.93081330432
0.93065909668
0.930412391028
0.930289050466
0.930165718081
0.930134886262
0.930042393871
0.929826596178
0.929734119117
0.929641646655
0.929395076419
0.929333438843
0.929148538376
0.929025281619
0.928902033038
0.928778792632
0.928624753623
0.92853233635
0.928439923675
0.928378317781
0.928285912771
0.928131914642
0.928131914642
0.92810111655
0.927916338724
0.927762371255
0.927639206478
0.927454474643
0.927300545499
0.927208194145
0.92714662913
0.92714662913
0.92714662913
0.927054285441
0.926992725537
0.926992725537
0.926900389513
0.92686961186
0.926777281968
0.926715731261
0.926684956675
0.926654182599
0.926531091406
0.92640800839
0.926284933549
0.926192632784
0.926069572251
0.926069572251
0.925946519895
0.925946519895
0.925854235993
0.92576195669
0.925669681986
0.925638924773
0.925546656202
0.925546656202
0.925546656202
0.925454392229
0.925362132855
0.925054634824
0.924962395379
0.924870160533
0.924777930287
0.924716446011
0.924470529346
0.92428611331
0.924132447332
0.92397879413
0.923948065022
0.92379442715
0.923732975578
0.92367152605
0.92348718973
0.923395028468
0.92336430907
0.922842157479
0.922811447279
0.922719319744
0.922596490184
0.922381558128
0.922320153568
0.922197350581
0.922197350581
0.922043858344
0.921859684522
0.921798297337
0.921798297337
0.921736912195
0.921583458283
0.921460704352
0.921276588785
0.921092491614
0.920877734832
0.92072435246
0.920509638602
0.920417626042
0.920264281996
0.92023361472
0.9201722817
0.920018958094
0.919834986629
0.919681691128
0.919681691128
0.91958971996
0.919559063925
0.919344485994
0.919252531688
0.919221881275
0.919129933101
0.919007342691
0.918792829145
0.918700902434
0.918547701468
0.918517062808
0.918394513277
0.918302606495
0.918271971923
0.917996283769
0.917935025356
0.917873768986
0.917781888265
0.917659387791
0.917659387791
0.91759814062
0.917506273695
0.917353172375
0.917108236834
0.916832723443
0.916740894844
0.916618463866
0.916434832729
0.916373626438
0.916281820834
0.916037028374
0.915884049694
0.915761675948
0.915639310378
0.915608720263
0.915486364913
0.915333432224
0.91521109527
0.915088766492
0.915058185575
0.914905288656
0.914752404511
0.91469125443
0.914568960401
0.914507816452
0.914507816452
0.914385534687
0.914232693977
0.91417156127
0.914079866043
0.913988175414
0.913957612894
0.91383536792
0.913804807954
0.913743689556
0.913682573201
0.913682573201
0.913560346624
0.913499236401
0.913499236401
0.913315917997
0.913193715948
0.913071522075
0.913010428204
0.912918791231
0.912827158857
0.912674448453
0.912552289328
0.912399601919
0.912246927285
0.912155328637
0.912094265427
0.911972145138
0.911880560287
0.911819506274
0.911819506274
0.911697404382
0.911636356501
0.911544788513
0.911331147759
0.911300629696
0.911209078571
0.911087017558
0.910964964721
0.910903941369
0.910781900797
0.91044633138
0.910385325402
0.910232819399
0.910141321929
0.910049829058
0.910019332456
0.909805870553
0.909805870553
0.90977537804
0.909622923137
0.909439994117
0.909257083493
0.909074191264
0.909013231276
0.908891317432
0.908677987879
0.908464683364
0.908434213335
0.908281870853
0.908129541145
0.908068612839
0.907824920056
0.907703085928
0.907703085928
0.90764217193
0.907398536379
0.907276730867
0.907154933532
0.906972252858
0.906911363389
0.906789590581
0.906698266341
0.906698266341
0.906576507842
0.906424321215
0.906333015371
0.906272147363
0.906272147363
0.9062112814
0.906028695773
0.905937409858
0.905846128542
0.905785276886
0.905694003235
0.905450629317
0.905207288103
0.905116043579
0.905024803654
0.904903157575
0.904903157575
0.904811928382
0.904751111474
0.904751111474
0.904659889945
0.904568673016
0.904447057597
0.904295049821
0.904173452798
0.904112657353
0.903991072594
0.90377831894
0.90377831894
0.903595978594
0.903413656644
0.903352886749
0.903049067932
0.903018688861
0.902897177687
0.902745300216
0.902654179866
0.902623807438
0.902441583601
0.902320111262
0.902320111262
0.902137918085
0.901955743304
0.901834303669
0.901682516135
0.90159144944
0.901530740865
0.901439681835
0.901257577572
0.901257577572
0.901166532339
0.901166532339
0.90113618495
0.901014800504
0.900954111347
0.900863081444
0.900772056141
0.90059001933
0.900529344481
0.900408000915
0.900377666301
0.900165338312
0.900165338312
0.900074348267
0.899953035361
0.899619467028
0.899528504578
0.899346593474
0.899225329624
0.899134387102
0.89904344918
0.898861587132
0.898740355987
0.898588828552
0.898437313893
0.898437313893
0.89834641123
0.898225214833
0.898043435567
0.897982846567
0.897891966898
0.897891966898
0.897831383008
0.897710221359
0.897558780795
0.897558780795
0.897407353006
0.897286219973
0.897225656523
0.89713481518
0.897043978435
0.896983423161
0.896922869931
0.896801769602
0.896710949721
0.896650405688
0.896529323756
0.89649905455
0.896408249999
0.896347716187
0.896287184418
0.896196390598
0.896045077785
0.895954296229
0.895742490484
0.895651724258
0.895560962631
0.895560962631
0.895530709777
0.895349203387
0.895288705345
0.895228209346
0.895076978293
0.895016489449
0.894835035181
0.894804794591
0.894744314945
0.894653599309
0.894653599309
0.894593124772
0.894562888271
0.894290782752
0.89423032048
0.894079173742
0.893837365534
0.893444497459
0.893444497459
0.893323632191
0.893232988606
0.893112137646
0.893021504792
0.89290066814
0.892810046017
0.892810046017
0.892749633823
0.892659019365
0.892387203584
0.892387203584
0.892266409856
0.892236212702
0.892085234595
0.892024846929
0.891934269263
0.891692751304
0.891572004589
0.891421082692
0.891300354373
0.891239993279
0.89117963423
0.89117963423
0.891058922262
0.890968393652
0.890908043801
0.890847695993
0.890847695993
0.89078735023
0.890636494763
0.890576156154
0.890515819588
0.890364987117
0.890304657705
0.890304657705
0.890214167421
0.890033200648
0.889912566353
0.889822095997
0.889641169083
0.889490410707
0.889249223877
0.889098498717
0.888917645387
0.88882722562
0.888646399884
0.888646399884
0.888586128727
0.888495725823
0.888345064538
0.888164287858
0.888164287858
0.888164287858
0.888104033053
0.887832911724
0.887742547146
0.887652187166
0.887531714348
0.88729079324
0.887260680401
0.887170344949
0.887019796084
0.886929472897
0.886778944472
0.88665853093
0.886447826905
0.88614686459
0.886086678259
0.885936221374
0.88590613153
0.88590613153
0.88590613153
0.885785777264
0.885755689976
0.885755689976
0.885695516931
0.88563534593
0.88551501006
0.88551501006
0.88536460172
0.88536460172
0.885334521585
0.885334521585
0.885244284247
0.885123974949
0.885003673827
0.884883380882
0.884763096112
0.884612751648
0.884492485274
0.88440229086
0.884372227077
0.884372227077
0.884221915828
0.884071617353
0.883981444401
0.883861220952
0.883801112293
0.883741005678
0.883650849589
0.883620798581
0.88350059966
0.883350362506
0.883350362506
0.883290271221
0.883260226346
0.883170094784
0.883079967822
0.882869689462
0.882779577829
0.882749541641
0.882719505963
0.882689470796
0.882569335239
0.882509270527
0.882509270527
0.882389147234
0.882269032117
0.882178951145
0.881758634084
0.881548513112
0.881368429351
0.881368429351
0.881218373603
0.881038324079
0.881008317529
0.880918300943
0.880828288956
0.880798285982
0.880798285982
0.880738281568
0.880678279198
0.880618278872
0.880438290157
0.880348302698
0.880258319839
0.880108358626
0.879928422033
0.879778488926
0.879688535193
0.879598586059
0.879508641525
0.879388722633
0.879208859625
0.879029015013
0.879029015013
0.878939099605
0.878789250813
0.878669380977
0.878549519317
0.878429665833
0.878429665833
0.878249900938
0.877980288087
0.877770617819
0.877770617819
0.877650817479
0.877650817479
0.877441186558
0.877171697881
0.877171697881
0.877051938422
0.876842379041
0.876812444031
0.876722642066
0.876662776644
0.876543051933
0.876423335397
0.876213851134
0.876094157083
0.87600439191
0.875944551017
0.875824875361
0.87567529229
0.875555635031
0.875346254501
0.87519671231
0.875077087755
0.875017278544
0.874897666253
0.874897666253
0.874778062138
0.874688364417
0.874658466199
0.874508982773
0.87441929885
0.874269835864
0.874269835864
0.874150274673
0.874060609146
0.873851407467
0.873701993026
0.87352271256
0.873492834271
0.873373326225
0.873194079485
0.873044721255
0.872925243868
0.872925243868
0.872865508241
0.872716178116
0.872626586173
0.87241755619
0.872357837937
0.872208551247
0.872059277332
0.871939867398
0.871760767827
0.871760767827
0.871730919687
0.871611532237
0.871432466392
0.871432466392
0.871134064197
0.87107438989
0.870805880804
0.870716386973
0.870716386973
0.870626897741
0.870537413109
0.870418107419
0.87035845764
0.870298809905
0.870119878965
0.869911149963
0.869732258881
0.869523575869
0.869404339675
0.869404339675
0.869255305931
0.869165891817
0.869076482301
0.869016878512
0.869016878512
0.868987077385
0.868897677067
0.868808281349
0.868748686758
0.868629503709
0.868510328836
0.868510328836
0.868301792482
0.868182640093
0.868152853273
0.867944359843
0.86788479489
0.867676333653
0.867557224699
0.867497673033
0.867408349366
0.867408349366
0.867408349366
0.867408349366
0.867378575832
0.867378575832
0.867348802809
0.867259486807
0.867170175404
0.867051100687
0.866932034147
0.866872503942
0.866783212468
0.866574883581
0.86651536564
0.866277314319
0.866217806599
0.866039295702
0.865979796158
0.865860803202
0.86577156385
0.865652585202
0.865622841817
0.865444392241
0.865176752369
0.865087548276
0.865028081436
0.864879423278
0.86476050595
0.864701050352
0.864582145288
0.864522695822
0.8643740811
0.8643740811
0.864106606792
0.864047173678
0.863868886601
0.863809461663
0.863720328088
0.863601490476
0.863542074737
0.863423249389
0.862977727153
0.862977727153
0.862918332875
0.862888636502
0.862740162306
0.862651083919
0.862502630163
0.862383876355
0.862383876355
0.862354189181
0.862116710182
0.862087027607
0.862057345542
0.861968302415
0.861908942886
0.861908942886
0.861819907424
0.861671525207
0.861552828632
0.86149348341
0.861374799099
0.861285791231
0.861196787962
0.861048459401
0.861018795222
0.860840820877
0.860811160275
0.860692522976
0.860662864929
0.86054423785
0.860514582358
0.860366312562
0.860247705923
0.86012910746
0.860040163978
0.859980870879
0.859862290812
0.859773361128
0.859773361128
0.859625155207
0.85941768838
0.85941768838
0.8592398796
0.859032459274
0.858943572513
0.858854690352
0.85876581279
0.858617693739
0.858469587464
0.858351111641
0.858232643995
0.858084570935
0.858025345288
0.857758855681
0.857699641276
0.857522010325
0.857462804096
0.857373998585
0.857255598391
0.857137206373
0.85707801343
0.857048417725
0.857048417725
0.857018822531
0.857018822531
0.856989227848
0.856930040015
0.856811670481
0.85675248878
0.856574955941
0.856456610935
0.856427025961
0.856279108757
0.856279108757
0.856249526849
0.856160784191
0.855924159588
0.855746712597
0.855628424824
0.855510145226
0.855510145226
0.855480576604
0.855480576604
0.855362307227
0.855273610559
0.855244046025
0.855066669553
0.854830196206
0.854711971797
0.854652862658
0.854564202783
0.854505098754
0.854386896829
0.85429825075
0.85423915592
0.854120972391
0.854032340109
0.853766470859
0.853707394425
0.853500643001
0.853382510572
0.853382510572
0.853293916615
0.8531167425
0.853028162341
0.852998636643
0.85285101582
0.852791971067
0.852791971067
0.852791971067
0.852703407771
0.852703407771
0.852319686632
0.852290173199
0.852172124574
0.852024575291
0.851906545062
0.851759018774
0.851670509133
0.851493503649
0.851346013131
0.851346013131
0.85131651656
0.8512870205
0.851257524952
0.851110054874
0.85099208801
0.850962597571
0.850756178809
0.85066772129
0.850549785086
0.850402376328
0.850313937206
0.850225502682
0.85007812203
0.850019173346
0.849930754152
0.849930754152
0.849930754152
0.849812869048
0.849577123368
0.849518192058
0.849518192058
0.849370872726
0.849282487259
0.849105730121
0.849105730121
0.848958446559
0.848928991379
0.848840628907
0.848722819431
0.848605018132
0.848546120548
0.848428331512
0.848369440061
0.848369440061
0.848192777969
0.848045573612
0.847868945247
0.847868945247
0.847839508975
0.847662902072
0.847662902072
0.847662902072
0.847574605519
0.847486313565
0.847368598113
0.847309743454
0.847103768242
0.847015500816
0.847015500816
0.846868398659
0.846691892935
0.846691892935
0.846633061781
0.846544818883
0.84642716884
0.846280117784
0.846133079503
0.846133079503
0.846103673379
0.845986053997
0.84586844279
0.84578023975
0.845662642851
0.845456867952
0.845456867952
0.845398079722
0.845280509396
0.845280509396
0.845280509396
0.845192337016
0.845162947245
0.845133557985
0.845016006565
0.844839693999
0.844751544615
0.844663399829
0.844310866678
0.844193371979
0.843987776442
0.843929039313
0.843782205432
0.843752840189
0.843752840189
0.843664747526
0.843547297796
0.84340049713
0.84337113853
0.843283065796
0.843165642638
0.843106934125
0.843018875188
0.842872120513
0.84278407384
0.84266668543
0.842519961415
0.84234390946
0.842285229563
0.84219721355
0.842109202136
0.841874527517
0.841786532966
0.841786532966
0.841727872487
0.841610557661
0.841493251012
0.841375952538
0.841375952538
0.841375952538
0.841346629197
0.841053423893
0.84093615608
0.840906840404
0.84078958281
0.84061371175
0.840584401695
0.840349939653
0.840291329252
0.840232720895
0.840232720895
0.840056908089
0.840056908089
0.839939709772
0.83991041147
0.83991041147
0.8398518164
0.839793223373
0.83973463239
0.839676043452
0.839676043452
0.839441708138
0.839383129419
0.839324552745
0.839236691565
0.839148834985
0.839148834985
0.839060983004
0.838914573255
0.838885292838
0.838768176281
0.838680344229
0.838533967696
0.838358332718
0.838358332718
0.838358332718
0.838358332718
0.838299791814
0.838124181365
0.838007117952
0.837890062716
0.837802276654
0.837685235725
0.837538946062
0.837217154282
0.837070905499
0.836895423822
0.836807689882
0.836719960542
0.836719960542
0.836486038117
0.836339853209
0.836310617761
0.836310617761
0.836310617761
0.836164448183
0.836076752568
0.835872147353
0.83563834348
0.835609120296
0.835112404343
0.835053976881
0.83496633952
0.83484949686
0.834820287473
0.834820287473
0.834820287473
0.834732662377
0.834674248201
0.834499017937
0.834440611937
0.834440611937
0.834440611937
0.83429460588
0.83429460588
0.834207008378
0.834119415475
0.833973437523
0.833856664359
0.833856664359
0.833769089852
0.833710709402
0.833652330997
0.833593954635
0.833593954635
0.833506393925
0.833418837814
0.833418837814
0.833418837814
0.833331286302
0.833156197075
0.833156197075
0.83306865936
0.83306865936
0.832864422576
0.832806073809
0.83271855449
0.832514360631
0.832426856642
0.832047725834
0.831872771512
0.831726990296
0.831726990296
0.831668681386
0.831552069699
0.831406316588
0.831289723297
0.831289723297
0.831143993181
0.830969133905
0.830765154667
0.830765154667
0.830765154667
0.830706879484
0.830677742659
0.830590335249
0.830473799191
0.830473799191
0.830444666453
0.830328140615
0.830240751601
0.830240751601
0.830095113466
0.829832997015
0.8297165141
0.829570921955
0.829541805059
0.829425342585
0.829338001094
0.829250664203
0.829134222169
0.829017788311
0.828959574448
0.828930468283
0.828784945122
0.828668535792
0.828668535792
0.828668535792
0.828493937127
0.828493937127
0.828406644693
0.828348452292
0.828348452292
0.828232073622
0.828057520947
0.827941163228
0.827824813175
0.827766641214
0.827650303424
0.827504892684
0.82738857329
0.827359494719
0.827272262073
0.827243185546
0.827155959031
0.827068737115
0.827039664165
0.826923377476
0.826865237197
0.826748962771
0.826574566463
0.8265455022
0.826429250259
0.826371127354
0.826371127354
0.826225829035
0.826167713284
0.82602243285
0.825877165191
0.825877165191
0.82567381193
0.825557621309
0.825470483708
0.825470483708
0.825325264594
0.825296222305
0.825151018521
0.825034864692
0.824947754685
0.824802581562
0.82477354847
0.82459936065
0.824541302132
0.824425191227
0.824425191227
0.824280064093
0.824134949735
0.824047887252
0.824047887252
0.823989848151
0.823844759343
0.823728697494
0.823728697494
0.823583631681
0.823409569568
0.823351552952
0.823351552952
0.82326453186
0.823090503473
0.822887493606
0.822887493606
0.822684508777
0.822684508777
0.822539534944
0.822423565076
0.82233659304
0.822249625603
0.822162662766
0.822104690096
0.822075704527
0.821930784349
0.821756896999
0.821669960222
0.821525075815
0.821351231389
0.821293287335
0.821264316074
0.821206375086
0.821032564386
0.820945665935
0.820829808487
0.820771882829
0.820656037645
0.820482285199
0.820279597263
0.820279597263
0.820134835496
0.820076934366
0.819932190484
0.819874296509
0.819787459377
0.81967168369
0.819642741045
0.819411218286
0.819121860828
0.818948270881
0.818919341011
0.818832554469
0.818745772526
0.818601146175
0.818514376496
0.818398690745
0.818283013169
0.818138427698
0.817993855002
0.81784929508
0.817733656341
0.817733656341
0.817618025778
0.817531308222
0.817357886905
0.817184483985
0.817184483985
0.817039995604
0.816982203828
0.816982203828
0.816982203828
0.816895519998
0.816895519998
0.816895519998
0.816779948711
0.816693275612
0.816548830666
0.816346629204
0.816259979099
0.816115572478
0.816115572478
0.816115572478
0.816115572478
0.816115572478
0.816115572478
0.81600005638
0.815942301397
0.815826797562
0.815740175052
0.815624685525
0.815538073746
0.815422598528
0.815335997479
0.815307131485
0.81524940103
0.81524940103
0.81516280918
0.815105083835
0.814960779414
0.814931920063
0.814874202894
0.814729918914
0.814643354658
0.814470239943
0.814470239943
0.814383689484
0.814354840353
0.814297143624
0.814268296026
0.814152910744
0.813979848151
0.813864483309
0.813806803954
0.813633778153
0.813547272151
0.813431937969
0.813431937969
0.813374273944
0.813230122825
0.813201294134
0.813172465954
0.81291303533
0.812826567653
0.812682465078
0.812682465078
0.812480742936
0.812279045833
0.812163801587
0.812163801587
0.812077373769
0.812019757778
0.812019757778
0.812019757778
0.811904531929
0.811760511115
0.811674104758
0.811530104384
0.811501305842
0.811501305842
0.811414913283
0.811299730358
0.811270935904
0.811098179912
0.810983019471
0.810810294139
0.810752723117
0.810752723117
0.810580022313
0.810464898664
0.810349783191
0.810234675894
0.810148350787
0.810004485829
0.80988940306
0.80988940306
0.80988940306
0.809831864742
0.809774328467
0.809688027888
0.809601731908
0.809314111856
0.809227835805
0.809084052607
0.808911529632
0.808882777592
0.808882777592
0.808882777592
0.808767774539
0.808652779663
0.808652779663
0.808652779663
0.808652779663
0.808537792962
0.808480302678
0.808480302678
0.80830784409
0.808221621694
0.808192881917
0.808164142652
0.808164142652
0.808164142652
0.808135403897
0.807991717789
0.807905512257
0.807761846589
0.807761846589
0.807646923253
0.807646923253
0.80750328058
0.807359650682
0.80710114906
0.806957554932
0.806957554932
0.806957554932
0.806871404588
0.8067278309
0.806670405002
0.806670405002
0.80664169282
0.806612981149
0.806584269988
0.806498139573
0.806498139573
0.806498139573
0.806498139573
0.806383306173
0.806268480949
0.806067556481
0.806067556481
0.80598145366
0.805924054334
0.805837959178
0.805837959178
0.805837959178
0.805837959178
0.805837959178
0.805809261814
0.80575186862
0.80575186862
0.80572317279
0.80572317279
0.805637088365
0.805464933312
0.805436242591
0.805350173496
0.805264109
0.805206735224
0.805206735224
0.805149363492
0.804919897006
0.804776497059
0.8046617863
0.804547083716
0.804432389309
0.804260363028
0.804117021847
0.80403102327
0.80397369344
0.803773055133
0.803629757387
0.803515128388
0.803515128388
0.80334320022
0.803285894918
0.803285894918
0.803228591661
0.803228591661
0.80308534246
0.802942106034
0.802913460281
0.802827526091
0.802569751113
0.802541112004
0.802397924123
0.802397924123
0.80236928808
0.80236928808
0.80236928808
0.80202569542
0.801939808753
0.801853926684
0.801853926684
0.801853926684
0.801796674527
0.801682176344
0.801596308073
0.801510444401
0.801453204508
0.801453204508
0.801338730853
0.801310113717
0.801167035702
0.801138421632
0.801023970461
0.800966747942
0.800909527467
0.800766485222
0.800737878306
0.800594851391
0.800594851391
0.800480439056
0.800308836396
0.800308836396
0.800223041709
0.800194444502
0.800108655947
0.799937092634
0.799851317876
0.799708370166
0.799594021196
0.799422513072
0.799422513072
0.799365347785
0.79922244351
0.799050975243
0.798936673286
0.798936673286
0.798936673286
0.798879525373
0.798708093898
0.798593816469
0.798479547215
0.798479547215
0.798336722146
0.798279595695
0.798193909852
0.798193909852
0.798165348926
0.798165348926
0.798079669214
0.797936879915
0.797765549619
0.797679891369
0.797508588667
0.797422944215
0.797280213681
0.797137495922
0.797080412395
0.796937712521
0.796852098729
0.796795025422
0.796680884941
0.796566752636
0.796566752636
0.796481158773
0.796338512554
0.796252930955
0.796081781554
0.795910650549
0.795853610968
0.795682504491
0.795568443726
0.795568443726
0.795568443726
0.79551141641
0.79551141641
0.795454391138
0.795340346725
0.795254818781
0.795226310488
0.795112282428
0.795055271463
0.794998262543
0.794855749185
0.794770247302
0.794770247302
0.794684750018
0.794684750018
0.794627754384
0.794627754384
0.794627754384
0.794570760794
0.794485274241
0.794485274241
0.794342806873
0.79420035228
0.794029423632
0.794029423632
0.793915481419
0.793915481419
0.793773065152
0.793773065152
0.793630661659
0.793630661659
0.793516748063
0.793374367565
0.793345892999
0.793288945398
0.79317505633
0.793032706493
0.792947302722
0.792833438182
0.792634194911
0.792634194911
0.792634194911
0.792577272861
0.792463434893
0.792349605102
0.792264238123
0.792150422639
0.792036615332
0.791951265216
0.791837472217
0.791752132833
0.791638354141
0.791638354141
0.791609910746
0.791524583625
0.791467701434
0.791325504897
0.791211756865
0.791211756865
0.791126451207
0.791012717484
0.791012717484
0.790898991936
0.790898991936
0.790785274565
0.790699991902
0.79055786435
0.790501016907
0.79035890724
0.79035890724
0.790245228705
0.790188392503
0.790159975169
0.790074726232
0.789989481894
0.789989481894
0.789875829931
0.789875829931
0.789819007016
0.789733776475
0.789534923098
0.789449707887
0.789449707887
0.789449707887
0.789449707887
0.789392900302
0.789307692756
0.789222489809
0.789108893035
0.788995304436
0.788853330185
0.788682977946
0.788569420008
0.788427484082
0.78839909843
0.78839909843
0.788342328658
0.788285560931
0.788285560931
0.788285560931
0.788285560931
0.788228795248
0.788115270013
0.788001752955
0.787859868129
0.787859868129
0.787831492697
0.787746369466
0.787604507636
0.78746265858
0.787405922535
0.787405922535
0.787235726664
0.787150635626
0.787037188064
0.787037188064
0.786895390109
0.786810317468
0.786810317468
0.786753604928
0.786640185982
0.786583479575
0.786583479575
0.786555127138
0.786385023247
0.786271630873
0.786101557642
0.785931502807
0.785931502807
0.78587482195
0.785704791643
0.785534779732
0.785449780675
0.785251467428
0.785251467428
0.785053179219
0.784968206223
0.784911560115
0.78485491605
0.78485491605
0.784628360231
0.784458464828
0.784458464828
0.784288587822
0.784147037703
0.784005500358
0.783750765332
0.783637563051
0.783524368945
0.783496071696
0.783496071696
0.783496071696
0.783439478732
0.783439478732
0.783354593117
0.783213127313
0.783156544569
0.783156544569
0.78301509665
0.782986808599
0.782873661506
0.782732239137
0.782647391848
0.782534269283
0.782449432725
0.782449432725
0.782421154894
0.782279773405
0.782251498641
0.782194950644
0.781997048753
0.781997048753
0.781940509955
0.781912241322
0.781770905824
0.781601320088
0.781516534119
0.781516534119
0.781516534119
0.781403493315
0.781262203806
0.781177436234
0.781036167165
0.781036167165
0.780951411856
0.780725420183
0.780640681738
0.780555947891
0.780499461215
0.780301773944
0.780188821032
0.780188821032
0.780104111713
0.780047641389
0.779962939736
0.779906474521
0.779850011351
0.779708862369
0.779624179111
0.779624179111
0.77959595238
0.779511275255
0.779511275255
0.779426602728
0.779341934801
0.779200831808
0.779200831808
0.779144394188
0.77903152508
0.778918664148
0.778834023815
0.778834023815
0.778777599481
0.778777599481
0.778636547589
0.778523715273
0.778523715273
0.778410891133
0.778410891133
0.778326278394
0.777987873426
0.777846893074
0.777818698537
0.777677733515
0.777621351083
0.777452216052
0.777339469584
0.777283099417
0.777198547998
0.777198547998
0.777198547998
0.777085819926
0.777085819926
0.776916743149
0.776775859887
0.776606816836
0.776578644783
0.776437792182
0.776353286753
0.776268785923
0.776015311027
0.775958988894
0.775958988894
0.775902668804
0.775818192502
0.775705564587
0.775621099017
0.775564791191
0.775452181672
0.775367729898
0.775367729898
0.775198840148
0.775086257201
0.775001825357
0.774945540015
0.774889256718
0.774889256718
0.774889256718
0.774804835604
0.774664143968
0.774551599858
0.774410931217
0.774326536164
0.774326536164
0.774326536164
0.774242145711
0.774214016582
0.773960877415
0.773960877415
0.773820262429
0.773567187648
0.773510954429
0.773426608433
0.773426608433
0.773398494123
0.773398494123
0.773229818993
0.773117379127
0.773004947437
0.773004947437
0.772948734657
0.772808211652
0.772667701422
0.772555302436
0.772442911626
0.772358623884
0.772021519417
0.771965342408
0.771796823645
0.771628323278
0.77151599992
0.771375607221
0.771319453718
0.771207152844
0.771151005473
0.77106678825
0.77092643643
0.770870299279
0.770617707395
0.770449335801
0.770309040192
0.770224868958
0.770112647801
0.769888230014
0.769804081775
0.769691891278
0.769411452338
0.769299290457
0.769103026838
0.768990887441
0.768906788259
0.768738603692
0.768682546257
0.768542411613
0.768430313096
0.768318222756
0.768318222756
0.768318222756
0.768206140591
0.768122084333
0.768010016476
0.768010016476
0.767982000789
0.767897956795
0.767841930021
0.767757893692
0.767645852407
0.767589834831
0.767421794366
0.767421794366
0.767169768161
0.767029771488
0.766945779616
0.766945779616
0.766833797608
0.766833797608
0.766721823775
0.766553878357
0.766553878357
0.766385951334
0.766301994721
0.766190059725
0.766078132905
0.765994193155
0.765826327453
0.765826327453
0.765826327453
0.7657424015
0.76568645342
0.765602535133
0.76546268154
0.76546268154
0.765322840723
0.76518301268
0.765099121987
0.765015235892
0.764875435955
0.764791562125
0.764735648793
0.764623828261
0.764595874405
0.764567921061
0.764484064094
0.764372261958
0.764176627894
0.763897194095
0.763785434883
0.763757496358
0.763757496358
0.763757496358
0.763422273911
0.763338479797
0.763338479797
0.763310549448
0.763142978083
0.763142978083
0.763087125049
0.763087125049
0.762975425114
0.762863733355
0.762835811692
0.76266829245
0.762640374364
0.762528707133
0.762389134592
0.762277485756
0.76208212048
0.761942588818
0.761858875954
0.761858875954
0.761858875954
0.761719364732
0.761663563821
0.76155196813
0.761496173351
0.761496173351
0.761384589924
0.761300907719
0.761217230113
0.761217230113
0.761217230113
0.761133557107
0.761133557107
0.761105667127
0.760994112316
0.760994112316
0.760938337977
0.760882565681
0.760882565681
0.760882565681
0.760798911071
0.760687378744
0.760547974833
0.760464338619
0.760464338619
0.760464338619
0.760297079987
0.760297079987
0.76021345757
0.760101968167
0.760101968167
0.760046226532
0.759962617912
0.759823280431
0.759767549016
0.759767549016
0.759739684075
0.759572505159
0.759572505159
0.759461062769
0.759461062769
0.759321771279
0.75926605826
0.759154638353
0.758959673191
0.758848275769
0.758709040489
0.758653349954
0.758597661463
0.758541975016
0.758430608254
0.758207899258
0.758068722743
0.757873897084
0.757873897084
0.757762579379
0.75759561815
0.757428675317
0.757373031794
0.757373031794
0.757178295561
0.757150478143
0.757039213582
0.756955770526
0.756900144377
0.756705468953
0.756566430409
0.756566430409
0.756427404639
0.75634399531
0.756260590579
0.756177190448
0.756065997427
0.755927017648
0.755815843022
0.755732467419
0.755565730009
0.755454581956
0.755343442079
0.755287875206
0.755287875206
0.755121186853
0.754954516895
0.75484341381
0.754704546452
0.754593461763
0.754399083231
0.754343551107
0.754149204768
0.754065921145
0.754065921145
0.753954883468
0.753954883468
0.753871610576
0.753732832643
0.753677325046
0.753566315986
0.753510814522
0.753455315101
0.753427566158
0.753344322393
0.753344322393
0.753344322393
0.75323333786
0.753150104827
0.753150104827
0.753094618692
0.753039134602
0.752983652556
0.752844956383
0.752844956383
0.752734008643
0.752623069078
0.752623069078
0.752428944514
0.752318027434
0.75223484499
0.75223484499
0.75223484499
0.752096217802
0.751902161201
0.751791282957
0.751791282957
0.751680412889
0.751624980921
0.751514123117
0.75143098513
0.751320141634
0.75115389172
0.75115389172
0.751043068664
0.751043068664
0.750904551342
0.750876849411
0.750793746682
0.750710648553
0.750572161891
0.750489076026
0.750405994759
0.750322918092
0.750322918092
0.750212156357
0.75012909042
0.749990657414
0.749852237182
0.749658470319
0.749492404366
0.749215668658
0.749215668658
0.749215668658
0.74913265791
0.74913265791
0.749049651761
0.748994316883
0.748994316883
0.748911318399
0.748772997813
0.748690011593
0.74852405295
0.748496394965
0.748385768645
0.748247496604
0.748247496604
0.748164539511
0.748164539511
0.748081587017
0.748053937208
0.747943343081
0.747860402852
0.747777467221
0.747777467221
0.747777467221
0.747694536189
0.747611609757
0.747528687923
0.747445770689
0.747362858053
0.747224680547
0.747086515816
0.746893106655
0.746893106655
0.74681022468
0.746754972585
0.746644474526
0.746644474526
0.746644474526
0.746644474526
0.74650636345
0.746423502937
0.746395883788
0.746313029407
0.746257795707
0.746257795707
0.746257795707
0.746202564052
0.746064493857
0.745981657872
0.745843608116
0.745705571136
0.745539943622
0.745457136764
0.745401934747
0.745401934747
0.745319135554
0.745263938647
0.745263938647
0.745125955322
0.745125955322
0.744905208574
0.744905208574
0.744767258464
0.744656907574
0.744574149772
0.744436230322
0.744381066119
0.744215585775
0.744132852501
0.744105275765
0.744022548623
0.744022548623
0.743912252921
0.743912252921
0.74382953651
0.743719255117
0.743608981899
0.743471151875
0.743388459992
0.743305772708
0.743223090024
0.743223090024
0.743085295769
0.743002625349
0.742837298305
0.742782193378
0.742727090495
0.742727090495
0.74269953982
0.742561794111
0.742451606742
0.742341427549
0.742203715055
0.742010939025
0.741900792536
0.741790654223
0.741790654223
0.741680524086
0.74148781602
0.741432761171
0.74126760889
0.741157517589
0.74101991496
0.74101991496
0.740882325107
0.740772262422
0.740662207913
0.740662207913
0.740634695563
0.740469632196
0.740387107411
0.740304587225
0.740249576323
0.74011205801
0.739974552471
0.739919553833
0.739809562689
0.73969957972
0.739534620598
0.739534620598
0.739507129199
0.739452147935
0.739452147935
0.739424658069
0.739369679871
0.739369679871
0.739314703717
0.739232243318
0.739122303274
0.739122303274
0.739122303274
0.739122303274
0.739122303274
0.738984889716
0.738847488933
0.738792532197
0.738737577505
0.738682624857
0.738600199717
0.738545252179
0.738380421829
0.738380421829
0.738298013552
0.738215609875
0.738023352512
0.738023352512
0.737940964165
0.737831120189
0.737721284389
0.737693826717
0.737556546019
0.737419278097
0.737391826046
0.737336923476
0.737336923476
0.737199675994
0.737199675994
0.737117333636
0.737007550981
0.736897776501
0.736897776501
0.736842892327
0.736760569899
0.736650813815
0.736513630209
0.736458760343
0.736431326176
0.73623930132
0.736129584072
0.736047301502
0.735965023531
0.735882750159
0.735882750159
0.735882750159
0.735882750159
0.735690796843
0.735635957637
0.735581120476
0.735581120476
0.735581120476
0.735471452285
0.735361792269
0.735361792269
0.735197317577
0.735115087129
0.73495064003
0.734923233969
0.734758808332
0.734676602413
0.734621801021
0.734621801021
0.734621801021
0.73451220437
0.734484806485
0.734484806485
0.734402615895
0.734402615895
0.734402615895
0.734402615895
0.734238248513
0.734238248513
0.734238248513
0.734238248513
0.734238248513
0.734046509818
0.733909568937
0.73382741054
0.73380002543
0.733717873165
0.733690490099
0.733526202433
0.733416687543
0.73333455674
0.733142936086
0.732978709741
0.732841868505
0.732841868505
0.732787135588
0.7326229491
0.73248614108
0.732212563875
0.732130500525
0.732130500525
0.732048441774
0.732048441774
0.73188433858
0.73188433858
0.731802293625
0.731802293625
0.731774946329
0.731692907507
0.731665562255
0.731638217514
0.731556186357
0.73152884366
0.73152884366
0.73152884366
0.731446818635
0.731364798209
0.7311734351
0.7311734351
0.7311734351
0.7311734351
0.7311734351
0.731091430004
0.73098209703
0.73092743361
0.730845442311
0.730763455611
0.730599496008
0.730544846895
0.730544846895
0.730435554802
0.730244313311
0.73005309686
0.73005309686
0.73005309686
0.73005309686
0.72991652901
0.72991652901
0.729752664454
0.72961612471
0.72961612471
0.72947959774
0.72942499053
0.72931578224
0.729233881389
0.729179283376
0.729179283376
0.729179283376
0.729179283376
0.729151985136
0.729070093483
0.729070093483
0.728851738224
0.728851738224
0.728851738224
0.72879715452
0.72879715452
0.728687993242
0.728551553143
0.728496980681
0.728442410262
0.728387841888
0.728305993158
0.728196868673
0.728196868162
0.728060474054
0.728005919987
0.728005919987
0.72797864372
0.727869543763
0.727733180315
0.727624098754
0.727569561039
0.727569561039
0.7274877583
0.727324166619
0.727242377677
0.727106072994
0.727051554697
0.726915267899
0.726860756757
0.726751740604
0.726533732827
0.726533732827
0.726533732827
0.726479235993
0.726424741202
0.726424741202
0.726424741202
0.726343002849
0.726261269096
0.726261269096
0.726179539941
0.726070574888
0.725852669823
0.725689262102
0.72563479695
0.72560756514
0.725416956781
0.725280823284
0.725253598117
0.725253598117
0.725199149317
0.725063036259
0.725008594613
0.724899717453
0.724818064949
0.724763632501
0.724654773737
0.724654773737
0.724654773737
0.724654773737
0.724600347421
0.724600347421
0.724545923149
0.724545923149
0.724518711779
0.724518711779
0.724409871411
0.724409871411
0.724409871411
0.72424662619
0.724110602557
0.723892991318
0.723838593618
0.723838593618
0.723702608311
0.723566635779
0.723403485603
0.723403485603
0.723321917414
0.723321917414
0.723131609524
0.722995690647
0.722832604858
0.722832604858
0.722615185755
0.722533662023
0.72245214289
0.722289118421
0.72223478102
0.72223478102
0.72215327875
0.722017451853
0.721854476441
0.721745836386
0.721745836386
0.721691519424
0.721610047814
0.721610047814
0.721528580803
0.721528580803
0.721528580803
0.721501426155
0.721474272018
0.721175610234
0.721039875318
0.720985584929
0.720985584929
0.720877010282
0.720822726024
0.720659885516
0.720659885516
0.720497063404
0.720388525549
0.720252864728
0.720062962574
0.719981582945
0.719954457424
0.719954457424
0.719818837483
0.719683230317
0.71960187215
0.719574753783
0.719574753783
0.719466285424
0.719466285424
0.719439169612
0.719439169612
0.719439169612
0.719384939521
0.719384939521
0.719222261512
0.719113819725
0.71881564697
0.718788543422
0.718598832894
0.718517536047
0.718327861289
0.718192394649
0.718084030535
0.718002762815
0.717921499694
0.717921499694
0.717867326835
0.71781315602
0.71781315602
0.71781315602
0.71781315602
0.717677737925
0.717569412647
0.717569412647
0.717461095545
0.717298635222
0.717298635222
0.71724448587
0.717136193296
0.716973769765
0.716811364631
0.716703105272
0.716567791933
0.716567791933
0.716540730798
0.716432491368
0.716324260115
0.716216037037
0.716107822136
0.716026666325
0.716026666325
0.715864370034
0.715837322186
0.715837322186
0.715756181705
0.715648001552
0.715648001552
0.715620957791
0.715539829574
0.715539829574
0.715485746652
0.7154046261
0.715377586939
0.715269435401
0.715215362699
0.715053156855
0.714836911013
0.714674748094
0.71453962638
0.714404517441
0.714215386389
0.714215386389
0.714080308111
0.713999267276
0.713999267276
0.713945242607
0.713864209437
0.713864209437
0.713729164374
0.713594132596
0.713432110713
0.71329710653
0.713189112382
0.713189112382
0.713135118373
0.713135118373
0.713135118373
0.712946155441
0.712811197248
0.712730228464
0.712703239892
0.712703239892
0.712703239892
0.712703239892
0.712568304694
0.712568304694
0.712406399319
0.712271492226
0.712271492226
0.71216357575
0.712001716366
0.711866848109
0.711866848109
0.711866848109
0.711866848109
0.711866848109
0.711866848109
0.711785932981
0.711758962293
0.711758962293
0.711651084653
0.7115162491
0.711462318456
0.711462318456
0.711462318456
0.711219655853
0.711138777516
0.711111819093
0.711057903779
0.711030946889
0.710923124437
0.710923124437
0.710788357869
0.710680553814
0.710545810241
0.710545810241
0.710438024582
0.710303304005
0.710141656175
0.710141656175
0.710033901176
0.7098453496
0.70979148232
0.709602962937
0.709549104856
0.709549104856
0.709441394824
0.709441394824
0.709279845107
0.709279845107
0.709279845107
0.709199077147
0.709199077147
0.709145234396
0.709064474101
0.709064474101
0.708983718405
0.708983718405
0.708849135798
0.708795306333
0.708741478911
0.7086338302
0.7086338302
0.708553099032
0.708418557306
0.708418557306
0.708257124097
0.708095709284
0.708095709284
0.708015008777
0.70788051815
0.707719146262
0.70750401236
0.70750401236
0.707369570279
0.707262025813
0.707262025813
0.707154489522
0.707154489522
0.707100724443
0.707073842669
0.706966320687
0.706966320687
0.706885684565
0.70675130125
0.706590058134
0.706536314516
0.706536314516
0.706428833414
0.706321360487
0.706106439163
0.706106439163
0.706106439163
0.705972129942
0.705891550542
0.705891550542
0.705757261761
0.705676694625
0.705676694625
0.705596132088
0.705596132088
0.705461871413
0.705461871413
0.70540817072
0.70522023439
0.705166542895
0.705139697914
0.705059166037
0.704951797355
0.704951797355
0.70489811608
0.704817598
0.704737084519
0.704388248979
0.704361418817
0.704361418817
0.704200448576
0.704093145302
0.704012673212
0.703798103968
0.703717648741
0.703664014478
0.703556752085
0.70342268559
0.703288631871
0.703181398093
0.703100978125
0.703020562757
0.702966955066
0.702859745817
0.702725745752
0.702618554899
0.702538167125
0.702430990579
0.702404197721
0.70232382221
0.70232382221
0.70232382221
0.70232382221
0.702136297237
0.702029151352
0.701948797304
0.701868447855
0.701868447855
0.701868447855
0.701841665727
0.701841665727
0.70176132241
0.701680983691
0.70165420514
0.701493544567
0.701493544567
0.701413221179
0.701413221179
0.701413221179
0.701306130482
0.701306130482
0.701306130482
0.701306130482
0.701225817825
0.701225817825
0.701172278608
0.70103843951
0.700931377429
0.700931377429
0.700824323524
0.700824323524
0.700824323524
0.700610240242
0.700449699243
0.70031592913
0.70031592913
0.700235673194
0.700155421857
0.700021679849
0.700021679849
0.69991469544
0.699807719208
0.699807719208
0.699727492399
0.699620530475
0.699513576726
0.699406631154
0.699246228125
0.699246228125
0.699085843493
0.699005658075
0.698925477257
0.698791852779
0.698604799972
0.698604799972
0.698497923896
0.698391055996
0.698204056844
0.698097211429
0.698097211429
0.698097211429
0.697936958635
0.697910251624
0.697723316859
0.697563106989
0.697563106989
0.697483008953
0.697483008953
0.697376218725
0.697376218725
0.69729613142
0.697216048714
0.697109278926
0.697055897098
0.696975828189
0.696975828189
0.696815704167
0.69670896504
0.696655598542
0.69652219124
0.696468831897
0.696468831897
0.696388796713
0.69628209029
0.69628209029
0.696202065838
0.696175392043
0.696122045985
0.696015360002
0.695908682194
0.695908682194
0.695828679204
0.695642023446
0.695642023446
0.695588697829
0.695535374255
0.695455392727
0.695455392727
0.695348757844
0.695135512606
0.695135512606
0.695028902762
0.69497560065
0.694922300583
0.694789059357
0.694789059357
0.694735766443
0.694735766443
0.694602543102
0.694602543102
0.694602543102
0.694522615229
0.694416051887
0.69430949672
0.694176314259
0.694123044851
0.694069777488
0.693963248893
0.693936618022
0.693936618022
0.693936618022
0.693803471331
0.693723589449
0.693617087426
0.693404107909
0.693404107909
0.693404107909
0.693404107909
0.69335086814
0.693217777659
0.693137929503
0.693137929503
0.692978246987
0.692845192277
0.692765365583
0.692552516882
0.692472707051
0.692392901819
0.692366301097
0.692366301097
0.692153513716
0.692100321981
0.692100321981
0.691993944643
0.691967351586
0.691967351586
0.691967351586
0.691860984468
0.691754625526
0.691701449121
0.691701449121
0.691621688346
0.691621688346
0.691488763941
0.691488763941
0.691488763941
0.691382433615
0.691276111465
0.691063491694
0.691063491694
0.691063491694
0.690957194072
0.690824333542
0.690771192907
0.690611783267
0.690611783267
0.690558650808
0.690452392022
0.690346141413
0.690160222519
0.690160222519
0.690080550659
0.689947774444
0.68978845985
0.689735359074
0.689655711741
0.689496430873
0.689496430873
0.689496430873
0.68946988585
0.68946988585
0.689151385434
0.689018698645
0.689018698645
0.689018698645
0.689018698645
0.688912558412
0.688912558412
0.688912558412
0.688912558412
0.688912558412
0.688859491362
0.688859491362
0.688673772781
0.68856765912
0.688435028541
0.688435028541
0.688355456326
0.688249367193
0.688196325693
0.688116767275
0.688090248824
0.688010696538
0.687904633977
0.687798579592
0.687798579592
0.687745555466
0.687745555466
0.687613004092
0.6875334794
0.6875334794
0.6875334794
0.6875334794
0.687480465494
0.687453959307
0.687453959307
0.68734793967
0.68734793967
0.687268430308
0.687188925546
0.687188925546
0.687188925546
0.687109425382
0.687109425382
0.687056427827
0.686976935328
0.686976935328
0.68684445805
0.686791470716
0.686791470716
0.686738485426
0.686632520977
0.686500076914
0.686473589635
0.686473589635
0.686394130862
0.686288192986
0.686208744944
0.686076341761
0.685996905983
0.685917474805
0.685917474805
0.685785099727
0.685679208863
0.685520387896
0.685467451662
0.685388051144
0.68528219094
0.685229263904
0.685229263904
0.685149877182
0.685149877182
0.684991117536
0.684885287992
0.684885287992
0.6848059212
0.68475301256
0.68475301256
0.68475301256
0.684647201412
0.684647201412
0.684409156223
0.684329817025
0.684329817025
0.684171152425
0.684171152425
0.684118268313
0.683986066976
0.683880315105
0.683853878414
0.683827442235
0.683748136763
0.683748136763
0.683642403287
0.68351024794
0.68351024794
0.683457389379
0.683457389379
0.683351678387
0.683351678387
0.683298825958
0.68319312723
0.68311385855
0.683008174131
0.682849662832
0.682849662832
0.68279682982
0.68279682982
0.682691169929
0.682638343049
0.682532695422
0.682532695422
0.682453465067
0.682347831748
0.682215801597
0.682162993113
0.681978179517
0.68187258299
0.681740598829
0.681740598829
0.681661414465
0.681661414465
0.681608627443
0.681476668832
0.681397499797
0.681318335362
0.681265561626
0.681265561626
0.681265561626
0.681054487125
0.681001723609
0.680869823764
0.680843445327
0.680764313085
0.680658810582
0.680658810582
0.680500572159
0.680368720858
0.680315983915
0.680184150499
0.680078692965
0.680078692965
0.679920521993
0.679894161953
0.679788726903
0.679656944587
0.67957788133
0.679419768613
0.679367068461
0.679367068461
0.679261674291
0.679261674291
0.679156288297
0.679024567302
0.679024567302
0.678945540837
0.678919199704
0.678813840282
0.678761163637
0.678629480967
0.678629480967
0.678550477497
0.678471478626
0.678366153952
0.678260837454
0.678181855446
0.678181855446
0.678181855446
0.678129203329
0.677918615302
0.677892294098
0.677813333552
0.677734377605
0.677708059978
0.677550164948
0.677471224331
0.677471224331
0.677418599808
0.677418599808
0.677418599808
0.677418599808
0.677339666857
0.677208122157
0.677076590233
0.676892467001
0.676866165726
0.676866165726
0.676787264967
0.67668207111
0.67668207111
0.676576885429
0.676576885429
0.676576885429
0.676576885429
0.676550590286
0.676445414824
0.676340247539
0.67620879993
0.676129937497
0.676129937497
0.676129937497
0.676129937497
0.676129937497
0.675972226427
0.675867095934
0.67578825343
0.675735694315
0.675735694315
0.675735694315
0.675735694315
0.675551753511
0.675420382552
0.675236484672
0.675183947019
0.675183947019
0.675052611831
0.675026346326
0.674921289417
0.674842502101
0.674842502101
0.674658682915
0.674658682915
0.674658682915
0.674632425075
0.674632425075
0.674579910929
0.674474888768
0.674317370857
0.674317370857
0.674317370857
0.674212369137
0.674212369137
0.674159871342
0.674028635799
0.673976145159
0.673949900605
0.673949900605
0.673923656563
0.673923656563
0.673923656563
0.673844927501
0.673739962572
0.673739962572
0.673739962572
0.673661244242
0.67363500582
0.67358253051
0.673503821377
0.673503821377
0.673372649709
0.673372649709
0.673372649709
0.67329395284
0.673189030836
0.6731365729
0.673084117008
0.672926761595
0.672821868207
0.672769424579
0.672769424579
0.672769424579
0.672769424579
0.672690762969
0.672585887977
0.672585887977
0.672585887977
0.672585887977
0.672585887977
0.672585887977
0.672585887977
0.672585887977
0.672507237099
0.672428590819
0.672271312057
0.672192679575
0.672140260475
0.672087843419
0.672035428407
0.671930604515
0.671930604515
0.671930604515
0.671930604515
0.671851991961
0.671825788799
0.671720981259
0.671720981259
0.67164238097
0.671589983332
0.67138041322
0.671223257099
0.671144685937
0.671144685937
0.671066119373
0.670987557409
0.670856631022
0.670856631022
0.670856631022
0.670804264044
0.67072571741
0.67072571741
0.67072571741
0.67072571741
0.670699536221
0.670594816573
0.670594816573
0.670594816573
0.670463928512
0.670385401806
0.670385401806
0.670280706687
0.670202190713
0.670202190713
0.670202190713
0.670097509902
0.670097509902
0.669940504015
0.669940504015
0.669809679828
0.669809679828
0.669809679828
0.669783516524
0.669678868417
0.669521911586
0.669521911586
0.669521911586
0.669521911586
0.669338818534
0.669338818534
0.669338818534
0.669260357748
0.669181901561
0.669025002985
0.668920414154
0.668841977896
0.668841977896
0.668737403373
0.668685119178
0.668685119178
0.668632837026
0.668632837026
0.668606696717
0.668606696717
0.66850214059
0.668345322241
0.668319187553
0.66821465391
0.668110128443
0.668057868776
0.668005611153
0.668005611153
0.668005611153
0.668005611153
0.667953355573
0.667848850547
0.667692108337
0.667665986424
0.66758762375
0.66758762375
0.667535384523
0.667509265676
0.667509265676
0.667352563324
0.667352563324
0.667221992084
0.667117544289
0.667013104671
0.666934780323
0.666778145423
0.666725937878
0.666543227567
0.666412735531
0.666360542294
0.666177882061
0.666125698022
0.666125698022
0.666125698022
0.666073516027
0.666021336076
0.666021336076
0.665786551591
0.665786551591
0.665682216217
0.665551808497
0.665551808497
0.665473569997
0.665421413552
0.665343182717
0.665212808212
0.665212808212
0.665212808212
0.665212808212
0.665212808212
0.665212808212
0.665186734845
0.665108517807
0.664952099061
0.664952099061
0.664952099061
0.664899963056
0.664795697179
0.664795697179
0.664639313692
0.664378715428
0.664326601907
0.664326601907
0.664248435459
0.664170273609
0.664170273609
0.66404001408
0.66404001408
0.66404001408
0.663909767326
0.663857672201
0.663675355361
0.663519103713
0.663467023918
0.663467023918
0.663414946168
0.663414946168
0.663414946168
0.663414946168
0.66325872518
0.663050459146
0.662842225815
0.662842225815
0.662764146748
0.662608002411
0.662451876469
0.662347802728
0.66221772205
0.661957599018
0.661957599018
0.661931589525
0.661931589525
0.661801549727
0.661801549727
0.661749537384
0.661697527086
0.661567510282
0.661437506254
0.66138550822
0.661359509969
0.661281518283
0.661203531196
0.661073562938
0.660995588115
0.660917617891
0.660813664747
0.660813664747
0.660709719779
0.660709719779
0.660553817656
0.66050185437
0.660423913273
0.660345976775
0.660319998965
0.660216092833
0.660190117577
0.660060248964
0.660008305096
0.659826517654
0.659618791238
0.659281305564
0.659229392356
0.659177481192
0.659177481192
0.659047712225
0.658995808215
0.658995808215
0.658995808215
0.658943906249
0.658892006327
0.658762265465
0.658684427079
0.658684427079
0.658684427079
0.658684427079
0.658684427079
0.658528764106
0.65832124209
0.65832124209
0.658165622552
0.658165622552
0.65803595323
0.65803595323
0.65803595323
0.657984089078
0.657984089078
0.657984089078
0.657906296683
0.657828508887
0.657828508887
0.65769887278
0.65769887278
0.657595173093
0.657595173093
0.657595173093
0.657491481581
0.65736187869
0.657258205574
0.657128625678
0.657076797296
0.657076797296
0.657076797296
0.657076797296
0.657024970958
0.657024970958
0.657024970958
0.656947235284
0.656895414057
0.656765870441
0.656739963149
0.656739963149
0.656558626411
0.656403214851
0.656299617364
0.656247821686
0.656247821686
0.656170132002
0.656118341435
0.656066552911
0.656014766432
0.656014766432
0.655885309176
0.655885309176
0.655781752569
0.655729977331
0.655678204138
0.655522896822
0.655471131805
0.655367607902
0.655264092175
0.655212337378
0.655160584624
0.655108833915
0.654901851518
0.65482424155
0.654720768748
0.654669035413
0.654487984836
0.654332818556
0.654281100551
0.654203527376
0.65410010363
0.65410010363
0.65410010363
0.65394498334
0.65394498334
0.653738184904
0.653634797949
0.653531419171
0.653479732848
0.653376366334
0.653350525983
0.653143821571
0.653092150578
0.653092150578
0.653040481629
0.652937151396
0.652937151396
0.652937151396
0.652885488579
0.652704684816
0.652704684816
0.652704684816
0.652575554601
0.652472259628
0.652343152408
0.652291513097
0.652214057963
0.652059162004
0.652007533935
0.651930095664
0.651878472705
0.651749424251
0.651646194685
0.651594582969
0.651491365667
0.651413958056
0.651362355538
0.651284955592
0.651284955592
0.651284955592
0.651207560246
0.651181762819
0.651181762819
0.651155965903
0.651001195139
0.651001195139
0.650949608972
0.650846442771
0.650717496517
0.650717496517
0.650588563038
0.650588563038
0.650408077629
0.650408077629
0.65022761726
0.65022761726
0.650176061753
0.650150284766
0.650021407498
0.649944087268
0.64981523044
0.649789460607
0.649789460607
0.649660619108
0.649531790385
0.649428736604
0.649325690999
0.649171137922
0.649068112757
0.649016603241
0.648939342799
0.648939342799
0.648810585615
0.648733337437
0.648630347021
0.648578854878
0.648553109574
0.648553109574
0.648450133465
0.648398648477
0.648321424827
0.648192728964
0.648115517578
0.648115517578
0.648115517578
0.648115517578
0.648038310791
0.648038310791
0.647935375563
0.647935375563
0.647858179507
0.647832448511
0.647652345843
0.64752371641
0.64752371641
0.647369377954
0.647292215624
0.647292215624
0.647137904762
0.647137904762
0.647060756229
0.646855049293
0.646726499066
0.646546550209
0.646366626392
0.646238124709
0.646135332562
0.646135332562
0.646135332562
0.646135332562
0.64603254859
0.645955465977
0.645827005174
0.645724245731
0.645518751372
0.645467382892
0.645416016456
0.645236250538
0.645030833851
0.644953811025
0.64479977917
0.644645765711
0.644466106593
0.644363455482
0.644337793981
0.64423515309
0.64423515309
0.64423515309
0.64423515309
0.644209494145
0.644106863474
0.643978586632
0.643978586632
0.643875974357
0.643799020516
0.643799020516
0.643799020516
0.643799020516
0.643670774335
0.643670774335
0.643542540929
0.643491251143
0.643465607017
0.643286112441
0.643286112441
0.643234832876
0.643132279877
0.643029735054
0.642978465709
0.642952831803
0.64287593315
0.642799039097
0.642696520846
0.642696520846
0.642696520846
0.64256838453
0.642389015661
0.642312150734
0.642132817125
0.641902282132
0.641799835422
0.641774225022
0.641697396888
0.641543754416
0.641492544347
0.641415733076
0.641415733076
0.641415733076
0.641236525172
0.641236525172
0.641108534492
0.641006151146
0.640929369002
0.640903775976
0.640903775976
0.64075022855
0.640699050163
0.640596699521
0.640494357055
0.640289696651
0.640187378713
0.640187378713
0.640085068952
0.639982767366
0.639880473956
0.639778188722
0.639650343677
0.639573642783
0.639522511408
0.639471382077
0.639471382077
0.639471382077
0.639369129547
0.639369129547
0.639318006348
0.639292445516
0.639241325383
0.639164649016
0.638960201189
0.638832437905
0.638730236475
0.638730236475
0.638730236475
0.638602496186
0.638449224702
0.638372595858
0.63824489185
0.638219352479
0.638219352479
0.638142737433
0.638040591192
0.638040591192
0.637989521137
0.637861854943
0.637861854943
0.637861854943
0.637861854943
0.637708672373
0.637581034285
0.637504457563
0.637427885441
0.637274754993
0.637172678249
0.637172678249
0.63707060968
0.63707060968
0.63707060968
0.63707060968
0.63707060968
0.636994063618
0.636892009358
0.636892009358
0.636815474027
0.636764453029
0.636764453029
0.636764453029
0.636764453029
0.636636909476
0.636585895631
0.636560389475
0.636509378697
0.636509378697
0.636330857069
0.636330857069
0.636203356951
0.636203356951
0.636203356951
0.636203356951
0.636101366054
0.636101366054
0.636050373672
0.635973888931
0.635897408789
0.635744462303
0.63571897301
0.63571897301
0.63571897301
0.635642508198
0.635515077065
0.635464108189
0.635464108189
0.635336694941
0.63523477354
0.635107383288
0.635030955268
0.635030955268
0.634878113026
0.634750758543
0.634597950027
0.634470623649
0.634470623649
0.634317848859
0.634317848859
0.634317848859
0.634292388182
0.634292388182
0.634165092465
0.634088721166
0.634088721166
0.633910539866
0.633757832528
0.633630590466
0.633528806014
0.633528806014
0.633528806014
0.633528806014
0.633401586947
0.633401586947
0.633299821402
0.633121750478
0.633096313819
0.633096313819
0.632969138187
0.63284197533
0.632714825248
0.632613114381
0.632613114381
0.632613114381
0.632613114381
0.632562262013
0.632409717174
0.632358872982
0.632358872982
0.632358872982
0.632231771445
0.632130099414
0.631977606697
0.631825132376
0.631748902114
0.631647268919
0.631621861898
0.631571049388
0.631571049388
0.631444027057
0.631444027057
0.6313170175
0.631240817898
0.631240817898
0.631240817898
0.631190020719
0.631190020719
0.631190020719
0.631088432492
0.631012246687
0.630961458706
0.630859888875
0.630859888875
0.630732938084
0.63052984339
0.630377543832
0.630352162361
0.630276021013
0.63022526267
0.63022526267
0.63022526267
0.630199884264
0.630072999904
0.629946128318
0.629946128318
0.629717791656
0.629590955841
0.629438769725
0.629438769725
0.629311962015
0.629311961504
0.629286601494
0.629286601494
0.629286601494
0.629286601494
0.629286601494
0.629185166568
0.629185166568
0.629185166568
0.629185166568
0.629185166057
0.629185166057
0.629185166057
0.629185166057
0.629033028997
0.628982320732
0.628982320732
0.628880910334
0.628880910334
0.628880910334
0.628830208201
0.628830208201
0.628703461811
0.628703461811
0.628475350501
0.62829795921
0.62829795921
0.628247280583
0.628095256966
0.628044586515
0.628019252056
0.627943251745
0.627943251745
0.627892587426
0.627841925151
0.627740606733
0.627664623285
0.627664623285
0.627613970208
0.627613970208
0.627613970208
0.627462023241
0.627436700535
0.627436700535
0.627360735483
0.627360735483
0.627259455902
0.627259455902
0.627107551859
0.627056921266
0.626955666212
0.626930353727
0.626803798962
0.626753180633
0.626651950108
0.626626643754
0.626449513585
0.626398909564
0.626297707654
0.626297707654
0.626297707654
0.626196513921
0.626120623986
0.625994150982
0.625918273312
0.625817110238
0.625741243299
0.625741243299
0.625715955341
0.625640094534
0.625488386716
0.625488386716
0.625387258391
0.625311417512
0.625235581233
0.625159749553
0.62498282685
0.62498282685
0.62498282685
0.62498282685
0.62498282685
0.62498282685
0.62498282685
0.624957554222
0.624881739405
0.624805929187
0.624679589043
0.624578526126
0.624578526126
0.624553261675
0.624527997734
0.624426947081
0.624325904604
0.624199613006
0.624199613006
0.624098588925
0.624098588925
0.623921816457
0.623921816457
0.623921816457
0.623770317128
0.623618836195
0.623618836195
0.623618836195
0.623618836195
0.623618836195
0.623618836195
0.623543102627
0.623467373658
0.623416890234
0.623290690616
0.623290690616
0.623164503773
0.623164503773
0.623164503773
0.623114032613
0.622987863655
0.622912168412
0.622861707472
0.622861707472
0.622811248576
0.622735564064
0.622735564064
0.622685110278
0.622685110278
0.622533761183
0.622407650991
0.622331991007
0.622331991007
0.622205901254
0.622079824788
0.622029397574
0.621953760585
0.621878128195
0.621852918421
0.621777292163
0.621651258621
0.621525237854
0.621399229861
0.621222840134
0.621096862802
0.621046475446
0.620970898244
0.620970898244
0.620895325642
0.620769381525
0.620719007455
0.620668635429
0.620643450183
0.620643450183
0.62056789751
0.62056789751
0.620441986608
0.620441986608
0.620265732807
0.620139852565
0.620139852565
0.619837792107
0.619837792107
0.619837792107
0.619837792107
0.619812623724
0.619812623724
0.619812623724
0.619812623724
0.61973712164
0.61973712164
0.619686789472
0.619586131269
0.619535805233
0.619485481241
0.619409999087
0.619334521531
0.619284205715
0.619233891943
0.619108116457
0.619108116457
0.619032657297
0.618906902251
0.618781159979
0.618756013058
0.618655430483
0.618479430651
0.618454289861
0.618303455857
0.618177774906
0.618177774906
0.618152640249
0.618152640249
0.618102372467
0.618102372467
0.617976711956
0.617926451329
0.617901321782
0.617876192746
0.61775055523
0.617650054415
0.617650054415
0.617549561776
0.617549561776
0.617423957476
0.617273249178
0.617197901927
0.617122559276
0.617022109562
0.616896558916
0.616821234661
0.616695704455
0.616344287843
0.616344287843
0.616294093646
0.616294093646
0.616294093646
0.616294093646
0.616294093646
0.616218806183
0.616093337298
0.616043153321
0.615967881188
0.615892613653
0.615892613653
0.615792264095
0.615717007292
0.615566507483
0.61554142597
0.61554142597
0.61554142597
0.615466184497
0.615390947623
0.615290638946
0.615290638946
0.615240487673
0.615240487673
0.615190338444
0.615190338444
0.615090046118
0.615039903021
0.614964692208
0.614964692208
0.614889485994
0.614889485994
0.614889485994
0.614839351073
0.614714022714
0.614714022714
0.614714022714
0.614663894947
0.614613769224
0.614613769224
0.614613769224
0.614613769224
0.614538584472
0.614338115818
0.614262947929
0.61418778464
0.61406252271
0.613987371685
0.613987371685
0.613987371685
0.613862130195
0.613711857271
0.613636727708
0.613636727708
0.613511521989
0.613511521989
0.613311219921
0.613211080896
0.613161014449
0.613085918612
0.613085918612
0.613035857275
0.612985797983
0.612835632369
0.61273553218
0.61273553218
0.612610418441
0.612610418441
0.612610418441
0.612460298818
0.612360229289
0.612335213184
0.612335213184
0.612185127287
0.612135102742
0.612110091236
0.612035059785
0.612035059785
0.612035059785
0.611985041373
0.611985041373
0.611985041373
0.611985041373
0.611985041373
0.61188501068
0.611860004284
0.611784988163
0.6115099684
0.6115099684
0.6115099684
0.611384979856
0.611309992863
0.611210017358
0.611160032672
0.610860167478
0.6108101971
0.6108101971
0.6108101971
0.610735245365
0.610685280097
0.610685280097
0.610610336027
0.610560375869
0.610510417755
0.610460461685
0.610285631536
0.610285631536
0.610235684664
0.610185739835
0.610185739835
0.610010949034
0.609886113791
0.609886113791
0.609886113791
0.609836183271
0.609761291323
0.609736328363
0.609611521225
0.609536643075
0.609536643075
0.609536643075
0.609436812695
0.609361945275
0.609361945275
0.609262129203
0.609262129203
0.609212224233
0.609212224233
0.609212224233
0.609137370611
0.609037572935
0.609037572935
0.609012624793
0.609012624793
0.609012624793
0.608937783435
0.608788114515
0.608788114515
0.608663404468
0.608513769275
0.608438958576
0.608438958576
0.608339218133
0.608214554076
0.60816469203
0.608089902794
0.608015118157
0.607940338118
0.607815714942
0.607815714942
0.607815714942
0.607616344431
0.607616344431
0.607491754469
0.607417006624
0.607342263378
0.607242612871
0.607192790683
0.607068244157
0.607018429123
0.606918805188
0.606844092602
0.606844092602
0.606844092602
0.606844092602
0.606844092602
0.606844092602
0.606844092602
0.606844092602
0.606844092602
0.606844092602
0.606844092602
0.606794286766
0.606644881524
0.606644881524
0.606619982438
0.606495494677
0.606495494677
0.606470598658
0.606346126227
0.60624655748
0.606196776172
0.606072331846
0.606072331846
0.605972785583
0.605898131252
0.605898131252
0.605898131252
0.605748836385
0.605624438049
0.605400553238
0.605276190672
0.605226449223
0.605226449223
0.605052370247
0.604903179625
0.604903179625
0.604754007399
0.60472914715
0.60472914715
0.60460485357
0.604579996386
0.604480572764
0.604480572764
0.604281750047
0.604281750047
0.60420719996
0.60420719996
0.604107806998
0.604008422212
0.603909045602
0.603784836336
0.603735156207
0.603635802081
0.603635802081
0.603586128084
0.603536456131
0.603412285191
0.603412285191
0.603337788759
0.603337788759
0.603213638259
0.603213638259
0.603213638259
0.603064674522
0.602965375584
0.602915729181
0.602915729181
0.60284126341
0.602642710502
0.602642710502
0.602593077385
0.602469003535
0.602469003535
0.602444190298
0.602270511948
0.602146471314
0.602047248004
0.601972835887
0.601972835887
0.60194803287
0.60189842837
0.60189842837
0.601749627131
0.601625640152
0.601576048937
0.601501665948
0.601501665948
0.601501665948
0.601501665948
0.601452079843
0.601303333793
0.601303333793
0.601179392804
0.601105034343
0.60103068048
0.600956331217
0.600906767596
0.600782867487
0.600782867487
0.600708533554
0.600584653885
0.600436015145
0.600436015145
0.600336932872
0.600336932872
0.600262626533
0.600237858775
0.600237858775
0.600237858775
0.600114027652
0.600114027652
0.60008926296
0.600064498779
0.600064498779
0.599965447166
0.599965447166
0.599891163822
0.599891163822
0.599767368469
0.599569322475
0.599470311742
0.599321810973
0.599222820681
0.5991733286
0.599099094312
0.599000122927
0.599000122927
0.598851680412
0.598851680412
0.598752728955
0.598653785675
0.598431193188
0.598282821191
0.598109743779
0.598010853643
0.598010853643
0.597936691406
0.597837815578
0.597738947926
0.597738947926
0.597664802552
0.59764008845
0.597565949208
0.597565949208
0.597565949208
0.597417684522
0.597269438232
0.597269438232
0.597195321985
0.597047103289
0.596997701146
0.59689890299
0.59689890299
0.59680011301
0.59680011301
0.596676637032
0.596676637032
0.596627250219
0.596602557578
0.596528482723
0.596503792126
0.596306285751
0.596158177432
0.596158177432
0.596034767885
0.596034767885
0.595960728288
0.595960728288
0.595960728288
0.595960728288
0.595837339181
0.595664615894
0.595565928114
0.595467248511
0.595393244174
0.595393244174
0.595269913832
0.595269913832
0.595220585273
0.595220585273
0.595220585273
0.595146596266
0.59504795141
0.59504795141
0.594949314731
0.594949314731
0.594949314731
0.594850686228
0.594752065901
0.594752065901
0.59460415074
0.59460415074
0.594505550853
0.594505550853
0.594357666352
0.594259086905
0.594259086905
0.594185157686
0.594185157686
0.594185157686
0.594185157686
0.594037313043
0.59396339762
0.593914123227
0.593914123227
0.593864850878
0.593766312311
0.5936431506
0.593544630429
0.593520001664
0.593347614615
0.593150631506
0.593150631506
0.593052152215
0.592978298113
0.5929290646
0.5929290646
0.592855218162
0.592781376324
0.592732150987
0.592732150987
0.592658316813
0.592584487239
0.592486054961
0.592486054961
0.592486054961
0.592486054961
0.592264612739
0.592141606883
0.592018613803
0.592018613803
0.591895633498
0.591723482532
0.591600532887
0.591526769232
0.591428424846
0.591330088636
0.591330088636
0.591280923597
0.591133440744
0.590961400666
0.590961400666
0.590961400666
0.590912250957
0.590912250957
0.590912250957
0.590912250957
0.590912250957
0.590813957671
0.590813957671
0.590789385627
0.590764814094
0.590592827672
0.590543693293
0.590469995557
0.590347176217
0.590347176217
0.590175250604
0.590175250604
0.590077018638
0.589978794849
0.589978794849
0.589978794849
0.58992968602
0.589856026609
0.58980692289
0.58980692289
0.58980692289
0.58980692289
0.589708721585
0.589659623998
0.589659623998
0.589585981451
0.589414166725
0.589414166725
0.589315998123
0.589242377038
0.58907061239
0.588997006634
0.588825277757
0.588702629603
0.588629046842
0.588481895119
0.588481895119
0.58838380419
0.58838380419
0.58838380419
0.588236683126
0.588138612637
0.588089580459
0.587991522234
0.587991522234
0.58786896095
0.587770921121
0.587623876708
0.58750135375
0.587403344581
0.587305343588
0.587133861525
0.587084871248
0.587011389666
0.587011389666
0.5869624045
0.586888930583
0.586888930583
0.586888930583
0.586888930583
0.586839950527
0.586693022622
0.586644050742
0.586644050742
0.586644050742
0.586595080906
0.586595080906
0.586521629984
0.586448183661
0.586448183661
0.586374741937
0.586276826793
0.586129969406
0.586129969406
0.586105494964
0.586105494964
0.586007602303
0.585836309821
0.585787373711
0.585665042379
0.585665042379
0.585665042379
0.585567186511
0.585420418038
0.585347040701
0.585347040701
0.585347040701
0.585347040701
0.585273667962
0.585273667962
0.585200299823
0.585004673935
0.585004673935
0.584882424874
0.584784634414
0.584711296934
0.584589078022
0.58449131209
0.58449131209
0.58449131209
0.58449131209
0.584393554334
0.584393554334
0.584344678523
0.584198063351
0.584173629278
0.584100330123
0.584100330123
0.584075898094
0.583953745612
0.583953745612
0.583856032825
0.58368505512
0.583611786626
0.583611786626
0.583611786626
0.583489682689
0.583416426459
0.583416426459
0.583343174828
0.583221098996
0.583196685363
0.583196685363
0.583147859629
0.583147859629
0.583074624861
0.583074624861
0.582976985658
0.582976985658
0.582976985658
0.582830542183
0.582830542183
0.582830542183
0.58273292342
0.58273292342
0.58273292342
0.58273292342
0.58273292342
0.58273292342
0.582684117104
0.582562110258
0.582488912282
0.582366925876
0.582366925876
0.582366925876
0.58231813489
0.58231813489
0.582244952244
0.582196166369
0.582122991388
0.582049821007
0.582049821007
0.582049821007
0.582049821007
0.581854722473
0.581854722473
0.581854722473
0.581659656643
0.581562135992
0.581440246676
0.581269623096
0.581269623096
0.581172135149
0.581172135149
0.581172135149
0.581172135149
0.581099024555
0.580977183784
0.580977183784
0.580904085454
0.580806628167
0.580782265123
0.580709179057
0.580709179057
0.580709179057
0.580709179057
0.580709179057
0.580660457567
0.580636097589
0.580563020721
0.580563020721
0.580368172067
0.580368172067
0.580368172067
0.580343818221
0.580295112062
0.580295112062
0.580295112062
0.580295112062
0.580222056656
0.580222056656
0.580149005848
0.580149005848
0.580051611926
0.57995422618
0.57985684861
0.579710797584
0.579710797584
0.579564764955
0.579564764955
0.579564764955
0.579467420089
0.57932141812
0.57932141812
0.579272754885
0.579272754885
0.57915110574
0.579102449659
0.578980818399
0.578980818399
0.578907845775
0.578907845775
0.578761914324
0.578713274595
0.578713274595
0.578713274595
0.578664636911
0.57861600127
0.57849442111
0.57839716618
0.578275609016
0.578275609016
0.578226989727
0.578129757281
0.578008228222
0.577813808298
0.577740909259
0.577279322141
0.577279322141
0.577206456827
0.577206456827
0.577206456827
0.577206456827
0.577133596113
0.577085024858
0.577085024858
0.577012171809
0.576915041563
0.576769361525
0.576769361525
0.576769361525
0.576769361525
0.576745083308
0.576623699884
0.576623699884
0.576623699884
0.576478056638
0.576380971361
0.576380971361
0.576380971361
0.576162559381
0.576162559381
0.576162559381
0.576162559381
0.576041237278
0.57601697439
0.575895667616
0.575895667616
0.575895667616
0.575895667616
0.575895667616
0.575895667616
0.575847148484
0.575701603351
0.575677347617
0.575580329792
0.575531823946
0.575531823946
0.575531823946
0.575531823946
0.575386318671
0.575386318671
0.575313572932
0.575313572932
0.575240831792
0.575192340253
0.575192340253
0.575143850759
0.575143850759
0.575046877902
0.57499839454
0.57499839454
0.574949913222
0.574877195077
0.574877195077
0.574877195077
0.574877195077
0.574780244704
0.574731772584
0.574683302508
0.57456213626
0.57456213626
0.574489442643
0.574440982787
0.574440982787
0.574392524975
0.574392524975
0.574271389387
0.574222938728
0.574222938728
0.574222938728
0.574222938728
0.574174490114
0.574174490114
0.574029156536
0.573835407047
0.573762759421
0.573762759421
0.573714330225
0.573714330225
0.573617477965
0.573569054901
0.573569054901
0.573569054901
0.573496424137
0.573496424137
0.573399590273
0.573375383084
0.573375383084
0.57327855944
0.57327855944
0.57327855944
0.57327855944
0.573205947073
0.573181743972
0.573181743972
0.573181743972
0.573109137737
0.573109137737
0.573060736135
0.572963939063
0.572915543593
0.572915543593
0.572842954221
0.572746175545
0.572721982153
0.572576832536
0.572455888574
0.572407514566
0.572310772682
0.572165675187
0.572020596087
0.57189971089
0.571851360388
0.571851360388
0.571778838468
0.571778838468
0.571633808425
0.57160963854
0.57153713195
0.57153713195
0.57153713195
0.57153713195
0.571512964108
0.571512964108
0.571488796778
0.571416297853
0.57122298987
0.571126348143
0.571126348143
0.571078030345
0.571053872213
0.570957244794
0.57090893415
0.57090893415
0.57090893415
0.57090893415
0.570836472017
0.570836472017
0.570715712016
0.570643262147
0.570643262147
0.570474230338
0.570425940135
0.570425940135
0.570425940135
0.570425940135
0.570425940135
0.570281081788
0.570208659513
0.570136241838
0.570136241838
0.569919019471
0.569919019471
0.569870752773
0.56982248812
0.569701835429
0.569701835429
0.569677706424
0.569677706424
0.569557069063
0.569460568372
0.569460568372
0.569460568372
0.569291711837
0.569243471711
0.569171115356
0.569002301745
0.568857624293
0.568857624293
0.568857624293
0.568785292466
0.568712965237
0.56866474964
0.568496011146
0.568375498981
0.568110417185
0.568062227138
0.568062227138
0.568062227138
0.568062227138
0.5679899459
0.5679899459
0.567941760963
0.567941760963
0.567821307563
0.567749041654
0.567628608694
0.567508188509
0.56738778161
0.567267386975
0.567195156326
0.567195156326
0.567195156326
0.567195156326
0.567195156326
0.567122930276
0.567122930276
0.566978491973
0.56693034996
0.566785936186
0.566737802349
0.566737802349
0.566641540807
0.566569350016
0.566473102783
0.566352805749
0.566352805749
0.566256576911
0.566256576911
0.566088196119
0.566064143764
0.566016040587
0.566016040587
0.565943889655
0.565943889655
0.565943889655
0.565943889655
0.565943889655
0.565943889655
0.565943889655
0.565775555364
0.565583203977
0.56553512124
0.565463000967
0.565342810733
0.565294738217
0.565198599315
0.565198599315
0.56510246859
0.565030375912
0.564910231668
0.564910231668
0.564910231668
0.564910231668
0.564838151253
0.564669981505
0.564549875586
0.564549875586
0.564549875586
0.564549875586
0.564477818167
0.564477818167
0.564477818167
0.564477818167
0.564357732688
0.564261673503
0.564213646977
0.564141611019
0.564093589603
0.563997552902
0.563901524377
0.56368549009
0.563589488137
0.563589488137
0.563541490227
0.563469497194
0.563349519025
0.563349519025
0.563349519025
0.563349519025
0.563277538256
0.563157580528
0.563157580528
0.563157580528
0.563157580528
0.562989661171
0.562917703397
0.562917703397
0.562917703397
0.562845750222
0.562486053333
0.562414127752
0.562414127752
0.562342206771
0.562198378604
0.562198378604
0.562198378604
0.562198378604
0.562006636332
0.562006636332
0.561862851089
0.561814926763
0.561814926763
0.561767004481
0.561767004481
0.561623249899
0.561551380018
0.561551380018
0.561455559982
0.561455559982
0.561455559982
0.561455559982
0.561455559982
0.561455559982
0.561455559982
0.561335796434
0.56119209704
0.561120254242
0.561000526465
0.560904753441
0.560904753441
0.560808988593
0.560761109235
0.560761109235
0.560713231921
0.560641419783
0.560497809303
0.560497809303
0.560449943231
0.560449943231
0.560330286994
0.560234571203
0.560114937961
0.559995317494
0.559947472884
0.559947472884
0.559947472884
0.559875709802
0.559827870302
0.559827870302
0.559756114885
0.559756114885
0.559756114885
0.559588703464
0.559588703464
0.559588703464
0.559564789591
0.559516963377
0.559516963377
0.559516963377
0.559469139207
0.559349587726
0.559349587726
0.559277862969
0.559182237113
0.559182237113
0.559038813661
0.558943208245
0.558799815453
0.558752021943
0.558752021943
0.558584760756
0.558584760756
0.55846530381
0.558345859639
0.558274199268
0.558202543497
0.55808312743
0.55808312743
0.557963724139
0.557963724139
0.557963724139
0.557963724139
0.557963724139
0.5579159664
0.5579159664
0.557772705446
0.557772705446
0.557629462888
0.557581719456
0.557581719456
0.557581719456
0.557581719456
0.557533978069
0.557533978069
0.557414633543
0.557414633543
0.557414633543
0.557414633543
0.55734303296
0.55734303296
0.557223708874
0.557223708874
0.557223708874
0.557080536834
0.556985099028
0.556913526039
0.556770393857
0.556770393857
0.556770393857
0.556770393857
0.556770393857
0.556674982623
0.556627280071
0.556531881101
0.556460337239
0.556460337239
0.556460337239
0.556460337239
0.556460337239
0.556388797976
0.556388797976
0.556341107688
0.556341107688
0.55626957609
0.55626957609
0.556245733246
0.55615036698
0.55615036698
0.556102686913
0.55605500889
0.55605500889
0.555959658976
0.555959658976
0.555911987085
0.555911987085
0.555911987085
0.555911987085
0.555864317238
0.555745151562
0.555745151562
0.555745151562
0.555602169615
0.555411555635
0.555363907251
0.555340083825
0.555125695986
0.555125695986
0.555006609516
0.555006609516
0.555006609516
0.555006609516
0.554982793755
0.554982793755
0.554911349538
0.554911349538
0.554911349538
0.554816097737
0.554720854111
0.554649426757
0.554554197439
0.554554197439
0.554530391387
0.554530391387
0.554482780817
0.554411368793
0.554411368793
0.554268558543
0.554173361929
0.554173361929
0.554173361929
0.554125766688
0.554006787529
0.554006787529
0.554006787529
0.554006787529
0.554006787529
0.553840238168
0.553840238168
0.5536261416
0.5536261416
0.5536261416
0.553554784765
0.553435866926
0.553435866926
0.553412084891
0.553293182382
0.553198069573
0.553198069573
0.55310296494
0.553007868483
0.552936551505
0.552936551505
0.552889009409
0.55277016311
0.552603799754
0.552603799754
0.552580035604
0.552413700864
0.552366181251
0.552366181251
0.552318663683
0.552318663683
0.552294905665
0.552294905665
0.55215236829
0.552081106501
0.551914846878
0.551819852621
0.551819852621
0.551677376566
0.551677376566
0.551677376566
0.551629888636
0.551511178264
0.551511178264
0.551511178264
0.551511178264
0.551463697487
0.551463697487
0.551416218755
0.551250059289
0.551178855754
0.551178855754
0.551012732057
0.550941543853
0.550917815473
0.550917815473
0.5508466334
0.550680559782
0.550680559782
0.550609393039
0.550609393039
0.550561951099
0.550561951099
0.550561951099
0.550561951099
0.550443355191
0.550443355191
0.550348487663
0.550277342382
0.550277342382
0.550277342382
0.550277342382
0.550158777646
0.550158777646
0.550158777646
0.550087644629
0.549921685476
0.549921685476
0.549897979069
0.549803158553
0.549708346213
0.549708346213
0.549637242324
0.549495048342
0.549352872756
0.549352872756
0.549352872756
0.549352872756
0.549352872756
0.549163333924
0.548973827797
0.548855404608
0.548760674028
0.548760674028
0.548760674028
0.548760674028
0.548594915187
0.548523883349
0.548500207091
0.54845285611
0.54838183347
0.54838183347
0.548310815428
0.548216131861
0.548145124551
0.548145124551
0.548097788899
0.547955794208
0.547861141301
0.547861141301
0.547742836664
0.547742836664
0.547742836664
0.547671860014
0.547553575817
0.547458957658
0.547387999404
0.547387999404
0.547387999404
0.547387999404
0.547246096694
0.547151505106
0.547151505106
0.547151505106
0.54703327712
0.546985989503
0.5468914204
0.546749582075
0.546655033412
0.54658412728
0.546489592926
0.546489592926
0.546371436479
0.546300548744
0.546111537266
0.546064289507
0.546064289507
0.546064289507
0.546064289507
0.546064289507
0.546064289507
0.545946179051
0.545946179051
0.545780845875
0.545639151653
0.545639151653
0.545639151653
0.545639151653
0.545568311441
0.545473864978
0.545473864978
0.545473864978
0.545473864978
0.545473864978
0.545473864978
0.545426644813
0.545284996581
0.545143366745
0.545143366745
0.545072558726
0.545072558726
0.545025355935
0.544954555581
0.54483656521
0.544789372639
0.544789372639
0.544600622795
0.544600622795
0.544459081873
0.544435493508
0.544317559348
0.544176055219
0.544034569486
0.543916678761
0.543822375379
0.543775226754
0.543775226754
0.543775226754
0.543775226754
0.543775226754
0.543775226754
0.543728080173
0.543563083236
0.543421677219
0.543327416762
0.543327416762
0.543280289599
0.543186041405
0.543044684444
0.543044684444
0.54280913039
0.542644272957
0.542573627436
0.542573627436
0.542502986515
0.542502986515
0.542502986515
0.542432350192
0.542385261865
0.542385261865
0.542314633208
0.542314633208
0.542314633208
0.542291091344
0.542149850892
0.542055700811
0.542008628836
0.542008628836
0.542008628836
0.541961558905
0.541890957842
0.541843893021
0.541796830245
0.541773299623
0.541773299623
0.541773299623
0.541726239912
0.541726239912
0.541655654179
0.541655654179
0.541514496509
0.541373357235
0.541373357235
0.541373357235
0.541373357235
0.541232236358
0.541185200153
0.541067618584
0.541067618584
0.541020589534
0.54090302585
0.540785474941
0.540785474941
0.540714950528
0.54059742006
0.54059742006
0.54059742006
0.54059742006
0.540550411449
0.540432898866
0.540432898866
0.540432898866
0.540315399057
0.540268402711
0.540197912024
0.540103931595
0.539962976282
0.539845527574
0.539845527574
0.539704605987
0.539704605987
0.539563702797
0.539469777556
0.539375860492
0.539375860492
0.539352382503
0.539235000225
0.539235000225
0.539235000225
0.539188050891
0.539188050891
0.539188050891
0.539070686498
0.53895333488
0.538789064077
0.538789064077
0.538742134161
0.538648280461
0.538648280461
0.538530974833
0.538530974833
0.538530974833
0.538413681981
0.538413681981
0.538413681981
0.538249493449
0.538108780351
0.537944638321
0.537686751434
0.537616429377
0.537569550561
0.537194593618
0.537124303755
0.537124303755
0.536983737826
0.53691346176
0.536890037426
0.536726081401
0.536726081401
0.536726081401
0.536608985284
0.536585567593
0.536585567593
0.536585567593
0.536562150414
0.536562150414
0.536562150414
0.536562150414
0.536515317588
0.536398244467
0.536351418795
0.536351418795
0.536257773583
0.536257773583
0.536257773583
0.536257773583
0.536257773583
0.536257773583
0.536234363558
0.536070507689
0.53593007973
0.535906676859
0.535906676859
0.535906676859
0.535906676859
0.535719472284
0.535719472284
0.535719472284
0.535719472284
0.535649279001
0.535555695109
0.535415334603
0.535415334603
0.535415334603
0.535368551855
0.535368551855
0.535321771152
0.535321771152
0.535251603929
0.535251603929
0.535251603929
0.535181441305
0.535181441305
0.535181441305
0.535181441305
0.535087898294
0.534947599108
0.534947599108
0.534830697172
0.534830697172
0.534807318318
0.534807318318
0.53462030588
0.534503439714
0.534503439714
0.534363217178
0.534269745708
0.534176282413
0.534176282413
0.534176282413
0.534176282413
0.534106190308
0.534106190308
0.534012741321
0.534012741321
0.534012741321
0.534012741321
0.534012741321
0.534012741321
0.534012741321
0.53391930051
0.533825867876
0.533825867876
0.533825867876
0.533825867876
0.53370908858
0.53370908858
0.53359232206
0.533498918042
0.533452219098
0.533452219098
0.533452219098
0.533312134533
0.533312134533
0.533312134533
0.533312134533
0.533312134533
0.533312134533
0.533265443766
0.533265443766
0.53314872579
0.533102042177
0.533008681083
0.532915328165
0.532868654772
0.532868654772
0.53268198164
0.532611987647
0.532611987647
0.532611987647
0.532611987647
0.532541998252
0.532541998252
0.532378707551
0.532378707551
0.532378707551
0.532285409822
0.532285409822
0.532285409822
0.53221544189
0.532122158468
0.532122158468
0.532122158468
0.532122158468
0.532075519823
0.531982248665
0.531935616152
0.531865671215
0.531819043812
0.53174910654
0.531679173868
0.531562629633
0.531539322319
0.531446098173
0.531446098173
0.531446098173
0.531446098173
0.531352882204
0.531352882204
0.531352882204
0.531352882204
0.53118977393
0.53118977393
0.531096580445
0.530910218002
0.530817049044
0.530654023043
0.530630735658
0.530537591228
0.530421172189
0.530258206996
0.530258206996
0.530165095271
0.530048717112
0.530002169426
0.529885809152
0.529885809152
0.529839268619
0.529839268619
0.529839268619
0.529769461653
0.529769461653
0.529699659286
0.529699659286
0.529560068348
0.529397235505
0.529257684426
0.529048392299
0.52890888721
0.528839141564
0.528839141564
0.528676422674
0.528606692358
0.528606692358
0.528560208036
0.528490485385
0.528490485385
0.528327822194
0.528188412152
0.528025790352
0.528025790352
0.528025790352
0.52797933158
0.52797933158
0.52797933158
0.527956102961
0.527863193592
0.527863193592
0.527747068379
0.527607734987
0.52746841999
0.527352338212
0.527352338212
0.527282695278
0.527189845186
0.527097003269
0.527097003269
0.527004169529
0.52693454959
0.52693454959
0.526864934249
0.526864934249
0.526748918902
0.526656115822
0.526656115822
0.526656115822
0.526656115822
0.526656115822
0.526656115822
0.526586518877
0.526192223062
0.526006723191
0.526006723191
0.526006723191
0.52593716917
0.52593716917
0.52593716917
0.52593716917
0.525890802379
0.525844437631
0.525844437631
0.525798074927
0.525728534704
0.52563582156
0.525589468054
0.525566292068
0.525566292068
0.525519941628
0.525427247392
0.525241882424
0.525172378993
0.525102880161
0.524987058995
0.524917572427
0.524917572427
0.524755454986
0.524685983748
0.524662827691
0.524570208572
0.524570208572
0.524570208572
0.524570208572
0.524570208572
0.524570208572
0.52445444617
0.524315548151
0.524222959692
0.524037807302
0.524037807302
0.524037807302
0.524037807302
0.524037807302
0.523991524315
0.523991524315
0.523875825788
0.523875825788
0.523829549955
0.523829549955
0.523829549955
0.523713869314
0.523713869314
0.523713869314
0.523713869314
0.523690734718
0.523644467061
0.523644467061
0.52352880686
0.523505676353
0.523505676353
0.52334377711
0.52320502626
0.52320502626
0.523158780065
0.523158780065
0.523158780065
0.523112535913
0.523066293806
0.523020053743
0.522996934477
0.522996934477
0.522927579748
0.522927579748
0.522927579748
0.522811998752
0.522811998752
0.522811998752
0.522811998752
0.522696430531
0.522696430531
0.522580875086
0.522580875086
0.522580875086
0.522488439927
0.522442225414
0.522372907477
0.522280490714
0.522280490714
0.522188082128
0.5221418809
0.521980192702
0.521887810688
0.521887810688
0.521772344667
0.521772344667
0.521726161836
0.521679981049
0.521633802306
0.521633802306
0.521633802306
0.521633802306
0.521564538024
0.521472192802
0.521333690298
0.521310608336
0.521172127295
0.521172127295
0.521125971036
0.52103366465
0.52103366465
0.52094136644
0.52094136644
0.520895220401
0.520895220401
0.520802934455
0.520687589032
0.520664521378
0.520595321482
0.520595321482
0.520595321482
0.520526126185
0.520479998542
0.520479998542
0.520479998542
0.520433872943
0.520387749388
0.520272449443
0.520226333043
0.520134106373
0.520064941736
0.520064941736
0.519995781698
0.519995781698
0.519903575469
0.519903575469
0.519788329179
0.519788329179
0.519719187538
0.519719187538
0.519650050495
0.519557874926
0.519511790207
0.519373548315
0.519373548315
0.519373548315
0.519304434267
0.519304434267
0.519212289358
0.519097119719
0.519004993205
0.519004993205
0.518889846561
0.518843791481
0.518843791481
0.518774712692
0.518682614795
0.518613546738
0.518544483279
0.518544483279
0.518544483279
0.518544483279
0.518498443529
0.51847542442
0.51847542442
0.51847542442
0.518360336541
0.518360336541
0.518337320498
0.518268275436
0.518130199109
0.518130199109
0.518107188176
0.518107188176
0.518107188176
0.518015149555
0.517969133311
0.517969133311
0.517854101642
0.517785088773
0.517739082748
0.517693078768
0.517693078768
0.51762407663
0.51757807776
0.51757807776
0.517440093412
0.517394102718
0.517394102718
0.517371108137
0.517256142899
0.51707222509
0.516957293067
0.516957293067
0.516842373818
0.516727467345
0.516612573647
0.516589596441
0.516589596441
0.51654364356
0.51654364356
0.516474718073
0.516474718073
0.516405797184
0.516405797184
0.516405797184
0.516336880894
0.516222030631
0.516222030631
0.516222030631
0.516222030631
0.516222030631
0.516222030631
0.516130159619
0.516107193143
0.516107193143
0.516107193143
0.516107193143
0.516107193143
0.516107193143
0.516061261725
0.516038296783
0.516038296783
0.515946442123
0.515900517858
0.515831635295
0.515716841242
0.515579105242
0.515579105242
0.515579105242
0.515464339295
0.515349586122
0.515349586122
0.515349586122
0.515257792782
0.515143062605
0.51507423063
0.51507423063
0.515051287661
0.515051287661
0.515051287661
0.514959520893
0.514959520893
0.514959520893
0.514844823931
0.514844823931
0.514844823931
0.514798948723
0.514798948723
0.514798948723
0.514798948723
0.514798948723
0.514798948723
0.514798948723
0.514730139743
0.514730139743
0.514730139743
