2128
1524
2220
1231
2138
816
2204
432
2173
2753
1677
428
3154
2035
227
2245
3673
2036
2476
1134
2977
153
1946
807
2049
3955
1180
3844
3788
1064
970
3578
2861
2094
1230
3347
827
3945
3881
2263
3770
1923
3903
3832
866
2627
3312
3264
3260
3919
2502
1011
1824
1760
106
3613
2635
3387
681
2320
3313
2284
1614
3728
2901
409
3250
3956
4079
2844
707
1185
332
44
3526
3529
1561
1768
1674
240
557
1167
2015
1191
1553
1453
3120
3467
1288
2453
3074
3714
3686
547
3827
2917
3058
1063
3601
742
1078
1268
190
593
2043
2358
3290
1007
2763
2993
2089
2095
85
302
1600
2890
1940
3326
1593
1512
3494
569
3400
1994
436
1433
3330
2098
3611
1353
3407
619
3934
3559
523
2223
1950
1427
2063
750
4128
2909
3514
865
971
1596
1921
3415
3777
2172
3800
3357
454
1198
2367
323
516
703
1241
1472
775
65
1537
3846
877
2022
236
839
1555
1376
2518
462
1546
1464
2637
3211
3638
3874
3465
1680
1274
716
3573
3203
2289
1128
623
2752
2112
103
673
4015
94
3685
2328
1493
2675
3946
1264
3723
1513
1883
4073
497
2129
1937
3091
2466
3808
3930
806
4003
2733
1792
975
3214
3651
1188
1328
1732
3502
954
1660
2077
2254
2281
356
1841
2516
2457
1383
2515
2031
468
1974
841
1476
2144
995
317
102
3095
1099
2069
87
339
3511
1816
3594
3603
1233
531
746
2709
2356
3809
1890
1900
2411
3877
2276
2657
2105
2613
2643
2731
1709
2203
3209
3418
3284
3803
846
2760
2408
3362
157
1483
586
2886
2721
1818
2266
4020
3661
1531
1762
3597
1714
2076
2428
825
3253
2545
3936
1176
2250
2002
2751
2723
1766
973
573
1635
1409
2417
1729
340
263
97
854
1387
3546
3981
3124
3780
119
2355
763
850
4107
1689
1692
2164
3558
1044
741
2001
2576
3327
1356
250
182
2483
1901
3633
1446
3386
1629
2437
1682
1317
3520
3807
3293
374
1939
423
2798
2366
179
1043
3886
1757
919
1791
2153
803
3379
3722
1421
645
2141
3571
395
1224
3503
3010
479
2864
1938
2802
447
1107
3180
589
1959
799
192
2319
1203
1062
477
2829
939
3524
4135
1523
2235
1708
952
1091
2258
559
267
579
1643
495
1050
2074
1863
1146
2067
4011
1299
1046
3938
903
1891
296
1840
1400
2685
1879
618
