0.998077154883
0.992799221515
0.988016170315
0.985149948834
0.983241563809
0.980858540743
0.980382283172
0.978002961889
0.969935734726
0.969462137812
0.968988656579
0.968515291026
0.966150198473
0.965204971217
0.958138151019
0.956256372562
0.955786130389
0.954376097955
0.953906318505
0.952967106647
0.952497674239
0.951559156465
0.950152247411
0.947809828281
0.947341668361
0.943135864011
0.941268661326
0.940335696228
0.939403193852
0.938005307895
0.937073962326
0.936608463063
0.933353670006
0.932889096189
0.914486721125
0.913567174991
0.913107575445
0.909435290628
0.908976732209
0.907601751036
0.906685675324
0.90622781099
0.903026231069
0.90256929218
0.899830782226
0.898007075496
0.897551409095
0.897095858375
0.895729900299
0.894819839986
0.892092782425
0.891184573003
0.890276826304
0.888462836755
0.887556478225
0.887103472481
0.886650582418
0.884840526014
0.883483938077
0.88303197346
0.872674499178
0.869981451752
0.869084579041
0.868636316207
0.867740137581
0.861932617825
0.861486205883
0.86014766414
0.859701714921
0.858810163524
0.858364561347
0.853472423217
0.850366164219
0.843731642914
0.842406982859
0.84152445456
0.841083363931
0.83976090181
0.83755915045
0.837119100948
0.835799646526
0.833164208104
0.828780833831
0.825719805999
0.825282879876
0.819179217448
0.818744026536
0.810084282667
0.809651521051
0.801895475056
0.796739469178
0.796310293665
0.794595095461
0.792881748149
0.792453613762
0.792025595056
0.788179326419
0.777995835956
0.777147780515
0.775876564958
0.774606390528
0.773337257224
0.769960420995
0.766169100705
0.761970005837
0.761130742131
0.760291941148
0.759872714178
0.759453602888
0.758197078784
0.755688079401
0.755270124919
0.752765290043
0.751514318614
0.751097520939
0.749847821998
0.745690834916
0.745275656772
0.74320173262
0.740717026191
0.73864958016
0.736172161617
0.735759644129
0.734934956195
0.734522785749
0.7336987919
0.732463668731
0.728767785045
0.727536942063
0.726307024527
0.725487657907
0.725078148118
0.72262363436
0.721397997011
0.72098964403
0.720581406729
0.715693317425
0.715286583973
0.714067193384
0.710011542623
0.707178868555
0.705966303128
0.698321079273
0.697919320093
0.697517676594
0.697116148776
0.696714736638
0.695511194309
0.694308693106
0.693507604042
0.69310723303
0.691507252835
0.688711249558
0.688312266715
0.687116127953
0.683931437419
0.680755654301
0.679565993659
0.677190489841
0.676399349319
0.67560867152
0.675213506142
0.673634001436
0.673619888387
0.670467241415
0.665360052806
0.664575853128
0.658331060207
0.654436089982
0.652881225272
0.652492769376
0.648229240341
0.63291808578
0.631771111329
0.629099580519
0.628337128818
0.627956076489
0.626433139661
0.626052665735
0.622256718216
0.619983938887
0.616960391612
0.616958656401
0.611685697304
0.610558157215
0.606060721741
0.605686494575
0.591967569601
0.590489285535
0.589381526851
0.587906134804
0.587537575994
0.584593964103
0.579468266577
0.576180851554
0.573994601412
0.571812515776
0.56638315633
0.566021422683
0.565659804717
0.564936915827
0.563131833695
0.561329643581
0.558096020097
0.557019263849
0.556301927634
0.554868759053
0.55451072719
0.551295496942
0.550581862511
0.548088132985
0.546310235824
0.544535346363
0.542055845567
0.535367879764
0.535016210341
0.532908738777
0.526970384113
0.525227191172
0.521751332237
0.520710205655
0.52001669967
0.519670120199
0.518977308299
0.517593188348
0.516556226272
0.515865496625
0.512075795866
0.511388073918
0.509327684412
0.506246065409
0.50351611583
0.501812485699
0.501472037307
0.501131704595
0.501127308727
0.501124416709
0.500444098328
0.49874567383
0.496033770445
0.495356922485
0.491311914352
0.490638305453
0.489965159277
0.48660764173
0.486272398971
0.485267480457
0.48426348739
0.483929054396
0.48388544276
0.48254886759
0.481881274089
0.476562505423
0.475567535452
0.458286569398
0.455688727214
0.455364358443
0.453744596842
0.452773919825
0.452450592181
0.451804283935
0.447938118212
0.447933838025
0.444085949858
0.442805942565
0.438660407876
0.438342170184
0.436118555166
0.43580124292
0.434217110985
0.431374951096
0.426661076974
0.420116670958
0.419493961582
0.414541091068
0.413922546198
0.41330446405
0.412378208434
0.411761283094
0.411144820476
0.410221109836
0.408376927617
0.407763009976
0.406536909904
0.403481434746
0.398624810602
0.396505192561
0.392884848392
0.390179307447
0.390176184067
0.38987610825
0.384206826968
0.383909064765
0.383904553217
0.375043177833
0.374160996576
0.373867167518
0.371813603175
0.370642682812
0.370350241923
0.368890004051
0.368598257247
0.365979014127
0.364527220949
0.36278911796
0.362210598622
0.359328181839
0.358752438839
0.356455250876
0.352459985457
0.349049139092
0.349041966887
0.348758202053
0.34875450027
0.347620713422
0.347568772773
0.346719676205
0.345589128417
0.336921865301
0.336917700795
0.334969405917
0.33469142512
0.327533795547
0.326161012308
0.315353077258
0.312933614761
0.312396509126
0.312128129829
0.312099093965
0.311562682414
0.310223677949
0.308087864605
0.305694083231
0.305163224355
0.30383844862
0.301198730011
0.300935209305
0.299356630044
0.296737965329
0.294910672496
0.290758196963
0.288690982294
0.288433014263
0.286117317382
0.28611535081
0.285089147042
0.280757597737
0.280503215809
0.279740879789
0.278725897052
0.274696621498
0.274445015907
0.274431943985
0.274180454075
0.272423610807
0.272420718789
0.272417826771
0.270170150161
0.270141114297
0.270134983218
0.268888523338
0.265418332758
0.264183093909
0.262704462801
0.257090129866
0.256603461029
0.255389507434
0.255372965089
0.254887915783
0.253435775562
0.253411366927
0.25316970988
0.251722312569
0.251481465286
0.248126955438
0.246457335442
0.246457335442
0.245742775565
0.2455048203
0.23118227327
0.229800004211
0.224791606946
0.223429234973
0.222749379315
0.217582499449
0.215798355529
0.215791183324
0.215123242781
0.213570228962
0.21356351948
0.212677983481
0.212456801923
0.212441185024
0.211557731279
0.211450148199
0.211433490173
0.211212887019
0.211186511812
0.211184892282
0.196594081635
0.196381460451
0.19637810571
0.196165600206
0.195953210383
0.195950318365
0.195947773389
0.195945575455
0.195943377521
0.195941410949
0.189661104043
0.189660294278
0.176616829094
0.176615325244
0.170865414492
0.170271625298
