0.9995191152
0.997597079848
0.997116773452
0.996636582736
0.995196704672
0.994716976679
0.99232076601
0.991362813874
0.990884011327
0.985150527238
0.984196045524
0.983718978187
0.983242026532
0.982288470263
0.979906835366
0.979430809157
0.978954898628
0.97847910378
0.976577081195
0.97610186475
0.975626763987
0.975151778904
0.974676909501
0.97420215578
0.973727517739
0.973252995379
0.972304297701
0.971830122383
0.9699346936
0.969461096686
0.9685142499
0.968041000028
0.966622060177
0.965676601559
0.958141737122
0.958140117592
0.958135953085
0.958134796278
0.958133755152
0.958132829706
0.958132019941
0.956249894441
0.954369735515
0.95436904143
0.954368463026
0.954368000304
0.954367653261
0.954367306219
0.953897526769
0.953897526769
0.953427863
0.953427863
0.952958314911
0.952488882503
0.952019565776
0.95155036473
0.951081279364
0.950612309679
0.950143455675
0.949674717351
0.949206094709
0.948737587747
0.948269196465
0.947800920865
0.947332760945
0.946864716706
0.946396788148
0.94592897527
0.945461278073
0.944993696557
0.944526230722
0.944058880567
0.943591646093
0.9431245273
0.942657524187
0.924157977309
0.924141434964
0.916300363631
0.915840070001
0.907590298644
0.907578961932
0.907120866236
0.905289640258
0.905286054156
0.904828536863
0.904825066441
0.9048217117
0.90481847264
0.90481534926
0.904812341561
0.904809449542
0.904806673205
0.904804012548
0.904801467572
0.904799038277
0.904796724662
0.904794526728
0.904792444475
0.904790477903
0.899765769655
0.899763918763
0.899762183552
0.899760564022
0.899759060173
0.899757672004
0.89930154288
0.899300270392
0.899299113585
0.899298072458
0.899297147012
0.899296337247
0.899295643163
0.896562454523
0.896561876119
0.896561413396
0.893378342392
0.89337799535
0.893377763989
0.893377648308
0.893377648308
0.891106488509
0.890652557319
0.890651978916
0.890651516193
0.89065116915
0.890650937789
0.890650822108
0.890650822108
0.890197006599
0.889289722623
0.886570647032
0.88611787265
0.879347773528
0.879347310805
0.877994887374
0.877994540332
0.877543963884
0.876643158028
0.876642926667
0.876642810986
0.876642810986
0.872148961615
0.871699889016
0.869008345439
0.868560082605
0.868111935452
0.86364006542
0.863193190755
0.86274643177
0.85208564261
0.849867464586
0.849424176024
0.847209584102
0.846766989624
0.84588214771
0.844997768519
0.835761703246
0.834882645368
0.834443289951
0.833125917782
0.832687025087
0.830932726796
0.830494412505
0.830056213895
0.827866956054
0.826554789518
0.825680590231
0.824806853667
0.823933579826
0.813519653346
0.812652394903
0.810919613228
0.810486620251
0.810053742954
0.803155585262
0.799712232613
0.796278018741
0.795420014756
0.793277723292
0.788147514218
0.786867391244
0.783884679267
0.783879936357
0.783877738423
0.783875193447
0.783873111194
0.783870681899
0.783868368284
0.782166589045
0.782164622472
0.782162424539
0.782160342285
0.782158375713
0.782156524821
0.78215467393
0.782152938719
0.782151203508
0.782149583977
0.782148080128
0.782141949049
0.780017125375
0.780015737207
0.780014464719
0.780013307911
0.780011688381
0.780010647255
0.778737002402
0.778736076956
0.778735267191
0.778733763342
0.778732375173
0.778731102685
0.778729945878
0.778729251793
0.778728210667
0.778727632263
0.778726706817
0.778725897052
0.778725434329
0.778725087287
0.778724855925
0.778724740245
0.77787622208
0.774910283809
0.774908664279
0.774908664279
0.773216602221
0.772793789148
0.771948510044
0.771103693663
0.769837336696
0.768572020857
0.766044859599
0.765203282279
0.764362167681
0.763521515806
0.76310136339
0.75890666439
0.755143338837
0.753890169475
0.753055301636
0.751803867484
0.750970156454
0.749304122561
0.748887903289
0.747639939559
0.747639592517
0.747223835968
0.747223604607
0.746807963739
0.746392438552
0.744731841653
0.744731725973
0.744731725973
0.742658264544
0.742656413652
0.742654678441
0.738104029831
0.738102410301
0.738100906451
0.738099518282
0.738098245794
0.737685149903
0.736033923143
0.735621405655
0.735620248848
0.735619207721
0.735618282275
0.734793594341
0.731089497323
0.731088687558
0.731087993474
0.73108741507
0.724535374127
0.724534911404
0.723716470229
0.723716123187
0.723715891826
0.723715776145
0.723715776145
0.722080397646
0.721671813302
0.720446754357
0.720038632737
0.718815077641
0.718407418744
0.71515158456
0.71393207829
0.713931962609
0.710282929619
0.705429660216
0.70462209303
0.702605315159
0.69737631474
0.695771244593
0.693366820591
0.69296644958
0.690167785646
0.688969911673
0.688969911673
0.687772963146
0.686975575864
0.682600067881
0.68259821699
0.681406821137
0.681009920548
0.675474481872
0.672711447603
0.671134719235
0.671133099705
0.669558337909
0.668378394449
0.667592343879
0.666414251311
0.665237199869
0.66484504219
0.664453000191
0.655473746142
0.653528921687
0.652751662853
0.651974866742
0.651973131531
0.651971512
0.651970008151
0.651581783616
0.651580395448
0.650804293421
0.650803020933
0.647703355736
0.644997930472
0.644997120707
0.644610978425
0.644224951825
0.644223795017
0.6430664093
0.640754876926
0.6407538358
0.640753141715
0.640752216269
0.638829255472
0.636909186693
0.632695747414
0.632313306916
0.632312728513
0.632311918748
0.632311456025
0.631164828616
0.630782850841
0.624690640804
0.620899898918
0.620142305808
0.620141611724
0.62014103332
0.620140570598
0.620140223555
0.620139992194
0.620139645152
0.62013941379
0.620139298109
0.620139182429
0.618247918152
0.618247918152
0.617869873522
0.615981732624
0.615981732624
0.615604382079
0.614473024526
0.611837354743
0.611461276685
0.611085314308
0.611083694778
0.611082190928
0.61108080276
0.605083219561
0.604709223757
0.597639164498
0.595411963377
0.595040975272
0.595039702784
0.593557254211
0.586921460418
0.582148589123
0.578852035321
0.577389715196
0.575564620298
0.57410669604
0.574104960829
0.573376519264
0.571557555444
0.571553506618
0.571551887088
0.571550383239
0.570097201891
0.570095698042
0.567919859166
0.567918470997
0.567917082828
0.566107026424
0.566105753936
0.565382402323
0.565381129835
0.564296970021
0.562132467856
0.562131311049
0.558532483496
0.55853144237
0.556378508278
0.553157609675
0.552085364976
0.547103805642
0.54532729665
0.544617364002
0.541075798411
0.536841536601
0.536489288774
