3347
3387
1923
3613
1064
1553
3418
2753
436
3074
2276
2250
2320
1994
250
1266
4011
117
673
3714
3951
4079
5
529
1048
1759
97
1942
3487
350
2984
3297
3653
1002
2211
470
737
1103
1419
1783
2004
2128
2138
2386
2759
3174
3206
3283
2977
739
1616
6
15
311
366
405
407
778
1024
1169
1226
1535
1945
2247
2280
2560
2776
2867
3123
3168
1559
2429
3288
3925
428
1230
2168
2173
3287
3603
796
2906
569
201
383
424
426
518
595
598
600
832
1009
1041
1051
1113
1209
1348
1506
1524
1999
2081
2091
2192
2291
2357
2749
2780
2782
2783
2821
2903
2970
3557
3659
3789
3894
3897
3915
4129
432
707
847
1394
1981
2321
3081
3591
3673
1011
1231
3264
227
706
1078
1485
1531
1546
2233
3027
3378
44
65
85
1014
1677
2220
3578
3728
157
816
2723
807
1192
1433
2036
3312
970
1091
2909
106
1180
2049
2516
3154
3260
3770
153
775
1063
1134
2245
3120
3250
3594
94
190
472
1407
1453
1512
2861
2897
239
338
387
444
486
547
556
570
572
590
596
823
1030
1031
1160
1474
1498
1674
1873
1935
2013
2196
2251
2263
2301
2305
2369
2398
2399
2410
2446
2741
2995
2998
3126
3134
3231
3352
3483
3844
3903
3935
3971
4020
799
925
1722
1946
2035
2284
2953
3400
3743
3881
3945
3955
742
1099
1464
1513
1824
2204
2281
2290
2518
2744
3155
3529
3686
3707
3916
3934
616
705
866
885
1059
1187
1237
1288
1537
1561
1641
1777
1997
2094
2627
2856
3054
3087
3271
3318
3415
3491
3550
3625
3762
3874
3877
3919
240
302
605
716
746
757
776
1185
1760
1816
2022
2328
2522
2550
2637
3559
3917
3956
102
462
626
681
827
1137
1191
1233
1318
1376
1400
1596
1768
2367
2476
2711
3313
3407
3601
3663
34
43
67
103
169
189
289
317
332
354
497
619
738
939
971
1117
1236
1320
1593
1766
1841
2095
2125
2213
2248
2356
2447
2502
2635
2701
2767
2837
2846
2944
2996
2999
3048
3106
3273
3503
3637
3827
3936
3989
101
323
454
523
533
824
1122
1438
2015
2069
2074
2089
2098
2109
2130
2453
2752
3058
3091
3125
3357
3573
3788
4003
4006
122
514
528
532
604
767
785
995
1034
1176
1194
1268
1274
1550
1555
1599
1600
1680
1792
1888
1901
1937
1940
1950
1958
