3883
2621
3925
2357
2444
2831
288
634
1454
2434
370
919
3585
2113
2408
2180
1065
989
994
4000
3600
4029
83
1089
3597
961
2428
2954
2484
1292
1177
2438
1
3095
3965
4083
4152
1968
1515
2473
283
2604
3283
2984
3926
3780
2125
354
2580
4128
316
1281
760
2841
2527
2355
1238
1680
3485
42
1860
2614
3710
2178
3771
3143
2944
43
2058
1635
597
864
776
1546
1315
1035
3419
207
826
148
2770
3406
650
2417
1783
1942
1874
1248
3510
2961
2017
3760
265
1654
3417
1674
3032
1682
168
995
2824
1462
2194
472
2830
1180
2574
3874
1395
1204
520
3192
85
91
727
1946
719
107
1730
3733
3210
1719
1829
952
4054
1596
1247
176
3286
2256
2057
2753
1570
1365
1836
155
1943
2266
4098
2968
1756
394
3386
2886
3932
1891
1459
1483
3362
1971
972
341
469
870
1671
4061
3527
3803
3544
2610
2613
3511
581
2109
2823
2940
1422
2036
3867
4045
1601
1153
261
2842
3516
764
4124
2825
528
2289
3333
506
1639
3017
2127
1889
569
2856
3007
3919
916
896
3573
2189
271
1402
3276
2052
3197
226
1423
673
1850
807
3237
1663
1578
2420
1941
772
3563
1157
3830
866
2869
147
2744
2196
1718
1291
3044
3698
442
2926
356
816
3701
906
2348
2049
970
3686
1626
3448
1796
1659
1440
2284
4021
1879
120
2200
2497
3146
3475
1824
509
2627
2645
2890
228
541
2156
3494
1524
1421
353
1384
1999
4129
2365
28
4123
3940
419
4064
608
1869
3310
4024
511
4034
4116
1288
4049
656
189
533
60
1784
1794
1132
1979
2981
2078
3387
4025
3871
2412
25
1727
224
3987
882
1573
3415
3432
1868
2526
2338
761
1015
1002
3487
2018
3287
2632
1833
348
1555
1206
3091
3736
2793
4
3229
904
583
3226
3584
2748
2089
212
975
1274
2015
1032
2811
468
604
635
389
258
1225
3772
1736
641
3105
150
745
655
2912
3873
1033
3728
1744
4122
708
3117
416
2752
1611
157
1014
3065
1964
2615
3235
3747
1075
1118
756
560
669
2769
2161
1888
2640
901
3515
3513
2461
2019
3619
484
1410
1012
3522
1246
2729
1706
2105
1021
3174
1553
3231
2446
1183
395
2917
2378
2131
3655
2409
3363
2011
973
1745
879
1170
941
2913
417
2537
790
3054
3312
2791
2479
1334
3154
223
773
138
942
