1784
3673
1075
806
3603
332
1561
1762
1512
3686
3938
1402
153
1537
1636
1531
605
3613
497
383
3244
3347
3925
153
85
3244
1433
1528
3264
1826
1328
1900
1387
3770
1662
746
975
3599
1593
1864
1317
3101
3476
2725
1930
2049
2168
795
227
2875
85
3387
3339
1942
3154
1923
2861
864
3800
3846
513
3777
1453
454
332
190
1674
707
2015
454
2266
2289
1524
2169
2568
1902
2098
3578
3260
1900
3770
454
864
2861
157
2089
2476
1099
792
2629
1555
3578
2948
2089
87
44
3770
2036
2320
1011
1441
3770
2036
2320
190
3685
2284
2209
2173
3337
1946
3064
1322
2522
3347
273
3503
190
3386
2320
1063
2515
1063
1185
3257
2518
3603
1950
816
2337
2245
579
190
1064
3347
604
3788
3807
4107
1531
985
2349
3603
262
2362
3816
4011
1732
21
1761
922
1063
3887
2138
332
1230
1635
1524
3677
3347
4046
3333
3573
1433
2842
850
2138
3597
3250
1901
1791
1387
2168
2753
1524
267
2516
1212
2493
87
1524
750
2138
1512
2173
2263
2337
594
3874
1680
85
846
954
190
1263
2128
3244
3058
3924
65
3571
3933
2112
2635
665
3728
2049
153
1768
2953
1401
3877
1114
854
3546
1305
2551
877
168
2089
2752
1760
1263
2220
1050
939
2370
2675
2627
1754
3603
1433
190
1829
3877
3347
3503
2493
2128
1106
3211
190
3494
458
317
3573
1937
1537
2345
1800
2766
919
161
3074
102
2173
2128
1134
2405
531
1537
1677
2138
2128
1531
919
2043
3264
3347
1063
2515
2157
2204
681
3788
1167
1818
2909
3727
190
4079
3613
2263
3312
2245
2368
1453
1901
2138
1433
355
579
1400
3673
1824
85
2135
2320
1921
2245
3934
3347
2036
741
528
1512
2633
619
1185
1099
2368
2089
94
773
3919
1263
3603
1760
4128
3945
1097
1099
202
1188
1841
2173
3714
182
94
806
1547
3685
3599
1099
3807
3698
1453
1680
1134
2281
3919
2753
1283
1531
2094
2731
228
3770
979
3903
3514
2036
3613
594
2063
3357
1974
979
1994
65
2825
3347
4137
2977
2220
85
2766
1410
1132
2141
528
3686
3347
3347
258
2477
2173
119
1768
65
2753
4042
2181
3377
2168
707
190
317
2842
1555
2635
1441
673
0
807
3347
1421
2457
227
428
593
2022
1974
4042
2365
677
707
2861
1231
1167
3529
1659
4053
3091
3874
