0.998077270564
0.997596848487
0.995196820353
0.99184150074
0.991362582512
0.988014203743
0.987536210961
0.984194657355
0.982763918069
0.982287197775
0.978478641057
0.978002961889
0.977051950597
0.975151316181
0.974201693057
0.973727055016
0.973252532656
0.971829775341
0.971355715704
0.970881771748
0.968987499772
0.968514134219
0.968040884347
0.968040884347
0.965204277133
0.965204277133
0.9642595126
0.961899857042
0.9614282267
0.960485313059
0.959071810202
0.958600873945
0.95624804355
0.955307674884
0.953428441403
0.95202014418
0.951081857768
0.949675295755
0.94733357071
0.945929900716
0.944059806013
0.942658565314
0.939860132741
0.938927861727
0.938461899741
0.937996053436
0.936134172065
0.934273910224
0.92732161395
0.926858543982
0.926858543982
0.925007767961
0.922696813991
0.92223490083
0.91992707024
0.919465851164
0.916241019416
0.915320547836
0.914860485568
0.907062678828
0.905689085824
0.904316533946
0.900205934838
0.897014766183
0.897014766183
0.893376954224
0.892013888166
0.891559725615
0.888383826816
0.888383826816
0.88793058971
0.886571572478
0.881597763753
0.881146261858
0.880694875644
0.880243605111
0.879792450259
0.879341411087
0.877988987657
0.877988987657
0.877988987657
0.877988987657
0.877988987657
0.877988987657
0.877087950441
0.874388771936
0.873939120933
0.873040165969
0.872590862009
0.871243759892
0.867656731774
0.867656731774
0.864525485738
0.864525485738
0.860060903591
0.859169120833
0.859169120833
0.858277800798
0.857832314302
0.856941688351
0.85516217166
0.85516217166
0.85516217166
0.85516217166
0.85516217166
0.854717494929
0.852052210879
0.851608343912
0.835723528605
0.833088899948
0.831772568906
0.831334023253
0.828705525675
0.826081076923
0.826081076923
0.826080035796
0.823896677673
0.823896677673
0.821279748168
0.821279748168
0.810882479714
0.80742420425
0.80742420425
0.802679674734
0.802678864968
0.802248069925
0.802248069925
0.800095829918
0.796658608347
0.795371428849
0.793657156091
0.791517178242
0.791517178242
0.79023416325
0.79023416325
0.788952305066
0.788098234226
0.785965197221
0.783835630637
0.783835630637
0.783409925546
0.782133620036
0.782133620036
0.780858239973
0.779584016717
0.779159468433
0.77873503583
0.77449915449
0.774075994374
0.77365294994
0.771118269435
0.771118269435
0.770696034765
0.769008368575
0.769008368575
0.753970451902
0.751884149912
0.751884149912
0.749801434025
0.749801434025
0.748552891891
0.746474456191
0.739853932254
0.739853932254
0.73944037364
0.739436209133
0.739436209133
0.737783131482
0.737370151271
0.735307332469
0.733658997728
0.733658997728
0.733658997728
0.732835466602
0.732835466602
0.730778778879
0.73036776524
0.729135418409
0.728314432259
0.728314432259
0.728314432259
0.724218293242
0.724218293242
0.724218293242
0.724218293242
0.722991152044
0.722991152044
0.722582336339
0.720948346008
0.717280804101
0.717280804101
0.716873607927
0.716466527433
0.716466527433
0.714839709308
0.713214395033
0.713214395033
0.710780241083
0.710374895801
0.709969666199
0.707945369081
0.701091979832
0.697073578266
0.696672166129
0.696270869672
0.695869688895
0.695869688895
0.695869688895
0.694666956331
0.693865635905
0.692664638552
0.692264498902
0.690665212791
0.687074598571
0.686676078451
0.685481327857
0.683889908036
0.680713199472
0.679523538831
0.679523538831
0.677543431752
0.674382455768
0.674382455768
0.6704427171
0.66886888075
0.664554220831
0.662987325325
0.660641435774
0.657129947173
0.655571843403
0.655571843403
0.655571843403
0.655571843403
0.654404509142
0.654404509142
0.654404509142
0.654404509142
0.654404509142
0.654404509142
0.652849875794
0.652073079683
0.652073079683
0.65013346086
0.649358284279
0.646262320865
0.646262320865
0.645875831542
0.645875831542
0.644331378098
0.643945467178
0.642403095987
0.640862460006
0.63932402196
0.634721895424
0.633955973302
0.633955973302
0.633955973302
0.629753523693
0.62899060927
0.628228157569
0.628228157569
0.62784710524
0.62784710524
0.62784710524
0.62784710524
0.62784710524
0.624047108896
0.624047108896
0.624047108896
0.624047108896
0.624047108896
0.622908232095
0.622528799296
0.621391194984
0.621391194984
0.620254631799
0.61911910974
0.618362673437
0.617984628807
0.617984628807
0.617606699858
0.617606699858
0.617606699858
0.617228886589
0.617228886589
0.614588242534
0.614588242534
0.614588242534
0.614588242534
0.614588242534
0.61383458257
0.61383458257
0.612704960228
0.612704960228
0.61195245707
0.61195245707
0.60969841802
0.60969841802
0.609323034046
0.609323034046
0.607447965072
0.607447965072
0.607447965072
0.606698700975
0.602214568785
0.602214568785
0.601468543748
0.600722981435
0.600722981435
0.600722981435
0.600722981435
0.600722981435
0.597746053494
0.597002804795
0.595888799352
0.595888799352
0.595888799352
0.595888799352
0.588498420148
0.584081267102
0.584080225975
0.584080225975
0.58297848269
0.58187766485
0.577851281314
0.577851281314
0.577485845884
0.574202942409
0.574202942409
0.574202942409
0.574202826728
0.574202826728
0.574202826728
0.574202826728
0.574202826728
0.573838548105
0.573838548105
0.573838548105
0.573838548105
0.57274640632
0.57274640632
0.57274640632
0.572018890201
0.572018890201
0.570565593173
0.5680265168
0.567664204749
0.567664204749
0.565854726749
0.563326061643
0.561164104454
0.561164104454
0.561164104454
0.561164104454
0.560084224827
0.558646197655
0.558286893304
0.558286893304
0.557927704633
0.557927704633
0.557209674333
0.557209674333
0.555775117584
0.555416738678
0.555416738678
0.555416738678
0.555416738678
0.554342296045
0.553984379862
0.552911441079
0.552911441079
0.552911441079
0.552911441079
0.552911441079
0.550768686892
0.548986278183
0.548986278183
0.548630097211
0.548630097211
0.548630097211
0.548630097211
0.54649613476
0.544720435533
0.543656519847
0.543656519847
0.543656519847
0.543656519847
0.543656519847
0.543656519847
0.543656519847
0.543656519847
0.543656519847
0.539766408213
0.53941323494
0.536592475986
0.536592475986
0.535184641486
0.533427451176
0.533427451176
0.533076360157
0.529923250462
0.523646529659
0.523646529659
0.523646529659
0.523645951255
0.523645835575
0.523645835575
0.523645835575
0.52156045903
0.52156045903
0.520866258962
0.519825942144
0.517403124907
0.516020855848
0.516020855848
