0.9995191152
0.99903834608
0.998557692641
0.998077154883
0.997596732806
0.996156276339
0.995676316985
0.995196473311
0.994716745318
0.994237133006
0.993757636374
0.992319840564
0.991840806656
0.990883085881
0.990404399014
0.989925827829
0.989447372324
0.9889690325
0.988490808356
0.988012699893
0.987534707111
0.98705683001
0.98657906859
0.98610142285
0.981809552036
0.981808973632
0.981332484699
0.980856111448
0.980379853877
0.979903711986
0.978951775248
0.9784759804
0.977524737746
0.972779629826
0.972305338828
0.97183116351
0.971357103873
0.970883159916
0.970409331641
0.969935619046
0.969462022132
0.968988540898
0.968515175345
0.967568791282
0.967095772772
0.962376114613
0.96190436859
0.961432738249
0.960961223587
0.95813502764
0.957664322744
0.957193733529
0.956723259994
0.95625290214
0.955782659967
0.955312533475
0.954842522664
0.951556842851
0.951087757485
0.9506187878
0.950149933796
0.948744181548
0.948275790267
0.947807514667
0.947339354747
0.945467987556
0.945000406039
0.944532940204
0.944065590049
0.942197346238
0.941730574487
0.941263918416
0.940797378027
0.93986464429
0.939398450942
0.938932373276
0.937069219417
0.937069219417
0.936603720154
0.936138336571
0.93567306867
0.935207916449
0.934742879909
0.934277959049
0.933813153871
0.933348464373
0.932883890556
0.932419432419
0.931955089964
0.931490863189
0.931026752095
0.930562756681
0.930098876948
0.928708047515
0.928244630505
0.927781329176
0.927318143528
0.926392119273
0.925003950497
0.922692765165
0.922230852005
0.921769054525
0.921307372726
0.920845806608
0.920384356171
0.918539826909
0.918078954875
0.916697148539
0.916236739229
0.915776445598
0.915316267649
0.91485620538
0.912098723787
0.911180334461
0.910721313319
0.909344943977
0.908886385558
0.908427942819
0.907969615762
0.907511404385
0.907053308689
0.906595328673
0.905222198392
0.904764681099
0.904307279488
0.903849993557
0.903392823306
0.902935768737
0.902478829848
0.90202200664
0.901565299112
0.901108707266
0.9006522311
0.900195870614
0.89973962581
0.899283496686
0.898827483243
0.898371585481
0.897915803399
0.897460136998
0.897004586278
0.896549151239
0.895183540205
0.893364460705
0.892001394647
0.889731970059
0.889278385911
0.888824917444
0.887918327553
0.887465206128
0.887012200384
0.886559310321
0.886106535938
0.885653877236
0.885201334215
0.884748906875
0.884296595215
0.883844399236
0.883392318938
0.882940354321
0.877529388111
0.877078927343
0.876628582256
0.87617835285
0.875278241079
0.875278241079
0.874828358715
0.874378592031
0.873928941029
0.873479405706
0.873029986065
0.871233464307
0.870784623069
0.869438909121
0.868990530607
0.867198520397
0.866750720286
0.865408014037
0.863619358569
0.861832553992
0.861831744227
0.861831744227
0.861385332285
0.858710446734
0.857374102925
0.857373987244
0.855593660788
0.855148868376
0.854704191645
0.854259630594
0.853815185225
0.853370855535
0.846289459565
0.846287840035
0.845845476918
0.845403229482
0.844961097727
0.844519081652
0.844518965972
0.844518965972
0.844077065578
0.842752058481
0.84231062081
0.84142809251
0.841427167064
0.841425084811
0.840983994183
0.840543019235
0.840102159967
0.839661416381
0.839220788475
0.83878027625
0.838339879706
0.83570062382
0.835261037041
0.834821565942
0.834382210525
0.833942970788
0.833503846731
0.833064838356
0.832625945661
0.832187168647
0.831748507314
0.831309961661
0.830433217398
0.828243381153
0.827805760947
0.827368256421
0.826930867575
0.826056436927
0.825619395124
0.825182469002
0.82474565856
0.823872384719
0.82343592132
0.822127340886
0.82081980158
0.818207962027
0.817773002477
0.815600634023
0.814732218773
0.814298184669
0.813864266245
0.813430463503
0.812996776441
0.812129749359
0.81169640934
0.810830076342
0.810397083365
0.809098798517
0.808666268262
0.808233853688
0.8065053522
0.805641795541
0.800900852127
0.800040303167
0.799610202208
0.799180216929
0.798750347331
0.798320593414
0.797032141428
0.796602850234
0.796173674721
0.795744614888
0.795315670737
0.794886842265
0.794458129475
0.794029532365
0.793601050936
0.793172685188
0.792744435121
0.792316300734
0.791888282028
0.791460379002
0.791032591658
0.790604919994
0.789749923709
0.789322599087
0.788895390146
0.78718782687
0.786761196333
0.786334681477
0.785908282301
0.785481998806
0.785055830991
0.783352663584
0.782076358074
0.781651115706
0.781225989018
0.780800978011
0.780376082685
0.779951303039
0.779526639075
0.77910209079
0.778677658187
0.778253341264
0.777829140023
0.777405054461
0.776981084581
0.776133491862
0.775709869024
0.77401688152
0.773170908332
0.772748095259
0.771902816155
0.771480350124
0.771057999774
0.770635765104
0.770213646116
0.768104902064
0.767683477159
0.766419896531
0.765998934349
0.765578087848
0.765157357028
0.764316242431
0.763895858653
0.763475590556
0.76305543814
0.761376100962
0.76095652695
0.758442668977
0.758023904729
0.757605256162
0.755096488141
0.752174045825
0.751757016788
0.751340103432
0.750923305757
0.749673722497
0.749257387545
0.748841168274
0.748009076773
0.746761807127
0.74634628194
0.745930872434
0.743855675794
0.743855675794
0.743440960372
0.743026360631
0.742611876571
0.742197508191
0.741783255492
0.740955097136
0.740541191479
0.739713727208
0.739300168593
0.738473398406
0.738060186834
0.735996558267
0.735171638972
0.734759352845
0.733935127634
0.73352318855
0.732288065381
0.732288065381
0.7322879497
0.7322879497
0.731876473339
0.731053867658
0.731053867658
0.730642738339
0.729820826742
0.729410044465
0.728999377869
0.728588826953
0.728178391719
0.727768072164
0.726947780098
0.726537807586
0.726127950755
0.726127950755
0.726127950755
0.725718209605
0.724489680238
0.723262191997
0.723262191997
0.722853260612
0.722444444907
0.722035744883
0.72162716054
0.71673652626
0.71673652626
0.716329445767
0.715922480954
0.715515631822
0.71510889837
0.714702280599
0.714295778509
0.7138893921
0.713483121372
0.713076966324
0.712670926957
0.71226500327
0.711048041976
0.710642581013
0.71023723573
0.709832006128
0.709426892207
0.709021893967
0.707403057812
0.706998637975
0.706594333819
0.706190145344
0.703768600594
0.703365221884
0.702961958854
0.702155779837
0.70175286385
0.701350063543
0.699337797221
0.697730182098
0.697730066417
0.697328422918
0.696926895099
