0.991842310505
0.986582423331
0.985149833154
0.981334798314
0.979429999392
0.974201693057
0.971829775341
0.968513787177
0.965203467368
0.963314748067
0.952494319498
0.949212341468
0.946403728992
0.943598586937
0.941264149778
0.940797609388
0.937535297083
0.933349736861
0.930100265117
0.928246250036
0.927319763058
0.925468177272
0.924543078463
0.922694269015
0.920847310458
0.917159640103
0.912101500125
0.907517419783
0.905228098109
0.902028600441
0.900202811458
0.899746566654
0.895647304257
0.88793209356
0.883406547668
0.878893379615
0.872151043868
0.871701971269
0.871253014351
0.870355447556
0.86721795476
0.865874901469
0.863638792932
0.861851988355
0.859621432493
0.858284278919
0.857838792423
0.856503027018
0.854723626008
0.853390289898
0.85161424363
0.848953586808
0.846740151694
0.844528914514
0.843645229408
0.840557132284
0.83967552943
0.835278620512
0.833082421827
0.830889230841
0.828261427348
0.827386302615
0.826511640605
0.825637441318
0.823017851156
0.819096621405
0.816921939337
0.814315999501
0.813014591273
0.810848585259
0.809549953369
0.807387996181
0.805228931011
0.802211630494
0.801780951132
0.799199766973
0.796193803168
0.794907086393
0.794049776493
0.793192929316
0.792336544862
0.788918063569
0.78806399273
0.784653493408
0.782525083631
0.780824345519
0.779125458298
0.778701025695
0.777004452089
0.772350269224
0.768554437386
0.76686896913
0.765185351765
0.762664552948
0.761405136826
0.757216453224
0.756379734494
0.755543478487
0.753872354642
0.753454862882
0.752620226406
0.750536006669
0.747207409305
0.745545655599
0.744300468206
0.743470921682
0.741813216801
0.740157478493
0.739330245583
0.737677167932
0.737264187721
0.736851323191
0.733552918498
0.731084060329
0.73067293101
0.729851019413
0.726978204131
0.726568231619
0.724111288565
0.717172758298
0.71635848163
0.715138049914
0.713106349229
0.712294386176
0.711077309201
0.707434754332
0.707030334495
0.706221841864
0.705817769069
0.704606360451
0.703799255988
0.702992614248
0.700978149992
0.700575581047
0.696557410843
0.695353868514
0.694952919099
0.693750764939
0.691349695679
0.689751335013
0.688154709559
0.686958570797
0.680996617264
0.679806609581
0.679013849529
0.677429717593
0.675057221474
0.674662171776
0.673872419423
0.66757348792
0.666787900073
0.666002774949
0.663258943682
0.661302319792
0.660520433729
0.659348472239
0.658958049771
0.65778747645
0.65700767264
0.655838834531
0.653504513052
0.651562349254
0.648461989972
0.647687738837
0.644210144691
0.643824233771
0.639206490337
0.638822083267
0.63766955614
0.633071709791
0.632689153613
0.632306713115
0.629633215732
0.62925170068
0.628489017618
0.627345860631
0.625823386526
0.623543666353
0.618623417806
0.61673400442
0.615601605741
0.614847251692
0.612963622343
0.611834694086
0.611082653651
0.609955460605
0.608454271754
0.607704313573
0.606580243906
0.60433638476
0.603588971554
0.600232842176
0.59837177057
0.597256376958
0.595399816901
0.593916558563
0.593915517436
0.593912625418
0.592431333653
0.591691324015
0.588738341985
0.588000645961
0.587996481455
0.583583377234
0.580649135483
0.580282774607
0.579184386063
0.578452705437
0.576260671258
0.575895698551
0.575530841524
0.575527371102
0.574069215483
0.571523429628
0.569344698734
0.568619264867
0.567894293724
0.566807704614
0.564638343859
0.563554878129
0.562472569207
0.559951191986
0.55815351342
0.55779432475
0.555284399921
0.553494471965
0.552421764543
0.550279935802
0.548498105497
0.548142040206
0.546719051529
0.546008193435
0.543524296771
0.54316985101
0.54281552093
0.541399357417
0.541399010374
0.537868781496
0.536811459611
0.536459211784
0.536458170657
0.536455278639
0.534696121757
0.533641807572
0.531887046558
0.530835508709
0.529785011988
0.527338248839
0.526291222539
0.525942445134
0.523504936444
0.52141967558
0.521072517706
0.520378548998
0.520031738165
0.518299766256
0.517953649507
0.51760764844
0.517261763053
0.516570339322
0.516567215942
0.514496877893
0.51449491132
0.511053756605
0.50968004792
0.509677155901
0.509333931171
0.508647828754
0.507619658413
0.504202102567
0.497403083262
0.49469488166
0.493680824369
0.492667808204
0.491993042498
0.491655833166
0.490308268327
0.489971637398
0.488962438698
0.486947858761
0.4862770262
0.485941783441
0.480274237369
0.480272270797
0.48026961014
0.479603404808
0.478272497994
0.47760768083
0.46255912153
0.461252276308
0.457344465521
0.456694455492
0.455071686192
0.454099273965
0.453775367917
0.452481016214
0.452157688569
0.451188399721
0.449253176766
0.44893100593
0.448608950773
0.44764347939
0.443477006488
0.443466942264
0.442507139236
0.441548261654
0.440909588336
0.43963374555
0.438996460401
0.438677991348
0.438359637975
0.436134866149
0.434232727884
0.432334291401
0.432303867369
0.432301900796
0.431038435848
0.428204836334
0.426947733826
0.424753386033
0.422251790217
0.410237652181
0.4087000239
0.407165287637
0.405021260962
0.403798631312
0.402273149507
0.401663627734
0.400141847713
0.398926852991
0.396201530641
0.396200836557
0.395293668261
0.393482802093
0.392879989802
0.391375099167
0.391074444947
0.39107340382
0.390472442421
0.389272254833
0.388073918136
0.387475270352
0.384489434995
0.383893563547
0.383298154823
0.383000623982
0.382108841224
0.381514820668
0.381217983912
0.380328167726
0.378847570045
0.378256094466
0.374719156104
0.373836974847
0.372955834716
0.372368986366
0.371196793515
0.368275970729
0.367692824162
0.365366021932
0.36478518898
0.361312684786
0.35785568181
0.357280864255
0.35641962121
0.353558374001
0.353272642594
0.351845952135
0.350138157497
0.348717713797
0.346734136296
0.345603125786
0.345038256775
0.343347120163
0.342784102043
0.342221546647
0.336079940938
0.335244726058
0.333577882399
0.333572792447
0.332463761276
0.329977666678
0.329701652453
0.329700264284
0.32942436574
0.329422399167
0.328044988699
0.32749469546
0.327219722362
0.326944864944
0.324203694334
0.323930109404
0.323929993723
0.323383170906
0.323109933019
0.322563804286
0.322290913441
0.321745478792
0.320656344706
0.320384263626
0.320383916584
0.320381950012
0.320109984612
0.317668542777
0.317127041273
0.31712646287
0.316585424089
0.315505081739
0.313619138775
0.312812265674
0.312543539335
0.311738054403
0.311469790787
0.310933610597
0.309595415897
