2173
1185
2263
317
569
1524
1555
2002
2015
2328
3313
332
866
1231
1950
2753
3903
182
454
547
557
1203
1464
1537
1714
1841
2022
2220
2457
2637
3357
3546
3597
3846
3945
87
227
382
573
742
806
807
816
919
995
1078
1128
1191
1317
1328
1376
1387
1407
1635
1682
1762
2036
2043
2181
2238
2284
2493
2502
2520
2864
3058
3143
3154
3386
3503
3526
3584
3934
4128
21
85
94
119
153
157
163
190
223
263
267
296
323
420
447
462
497
528
673
716
746
750
905
939
941
971
975
979
1046
1050
1064
1099
1153
1180
1188
1233
1250
1268
1299
1322
1331
1400
1409
1427
1441
1453
1483
1591
1593
1614
1676
1680
1689
1692
1763
1766
1824
1828
1883
1939
1940
1983
1985
2018
2128
2138
2156
2157
2164
2210
2254
2289
2522
2562
2720
2731
2752
2825
2861
2923
2993
3180
3203
3218
3571
3599
3763
3807
3809
3877
3886
3898
3956
3981
4073
4135
31
59
63
77
189
262
273
356
409
432
471
479
483
513
531
540
552
559
560
564
586
593
604
612
641
681
699
795
801
827
839
844
850
854
877
932
957
1023
1036
1044
1062
1077
1092
1146
1167
1168
1210
1225
1241
1249
1257
1353
1356
1361
1383
1401
1445
1512
1528
1533
1546
1600
1662
1665
1711
1724
1728
1732
1752
1759
1784
1791
1816
1818
1823
1847
1851
1901
1909
1921
1938
1946
1951
1967
1974
2031
2033
2061
2069
2074
2076
2089
2105
2112
2114
2153
2169
2172
2186
2267
2281
2327
2337
2341
2358
2366
2370
2407
2411
2415
2445
2447
2453
2454
2477
2510
2545
2626
2635
2643
2657
2708
2733
2751
2756
2766
2794
2829
2831
2834
2844
2883
2890
2901
2906
2909
2912
2929
2953
2968
3010
3029
3074
3091
3132
3157
3159
3190
3244
3284
3293
3312
3330
3339
3362
3363
3387
3415
3419
3437
3448
3455
3473
3494
3500
3502
3529
3536
3558
3587
3594
3639
3651
3673
3685
3698
3728
3732
3743
3777
3788
3803
3808
3834
3839
3868
3874
3887
3904
3919
3924
3933
3936
3943
3944
3955
3964
3991
4001
4003
4005
4008
4033
4042
4080
4109
0
24
26
35
42
44
47
55
66
79
88
91
97
101
102
103
107
109
117
145
147
150
161
166
168
171
179
187
191
195
196
198
202
214
228
236
245
249
250
