153
2847
856
3946
4764
5114
5390
1188
1794
3271
4572
6172
6175
8401
326
476
818
937
1791
1819
1855
2589
2595
2659
2833
3122
3405
4035
4333
4350
4564
4607
5198
5586
5595
6158
6198
6405
6420
6809
6948
7092
7745
8065
8875
8935
9186
9300
9397
9714
9809
9943
9990
10868
10893
11083
8
142
734
880
921
965
1275
1416
1424
1430
1730
1764
1784
1964
2009
2179
2214
2674
2693
2905
2934
3007
3274
3437
3448
3479
3506
3544
3775
3781
3854
3876
4372
4395
4410
4421
4440
4536
4720
4793
4816
4931
5062
5068
5200
5236
5353
5363
5601
5829
5876
6055
6070
6105
6311
6398
6413
6660
6736
6913
7231
7471
7536
7547
7594
7598
7737
7741
7817
7909
8028
8054
8116
8138
8236
8269
8586
8603
8604
8607
9043
9146
9252
9355
9471
9910
9995
10146
10284
10483
10569
10677
10873
10876
10890
11061
11084
11151
9
43
115
150
193
227
309
328
330
335
339
353
390
512
523
533
550
689
708
711
729
735
751
758
790
806
815
820
885
913
919
1152
1288
1327
1334
1340
1363
1388
1389
1409
1426
1486
1524
1577
1651
1716
1747
1958
2040
2085
2115
2142
2168
2175
2325
2346
2383
2386
2392
2402
2450
2508
2539
2610
2653
2730
2876
2926
2930
2982
3089
3143
3150
3186
3192
3244
3278
3299
3302
3373
3380
3430
3471
3671
3693
3951
3967
3994
4008
4062
4067
4085
4096
4107
4120
4123
4276
4294
4304
4311
4360
4378
4426
4448
4479
4539
4642
4687
4722
4770
4798
4871
4878
4942
4973
4995
5000
5035
5180
5213
5231
5251
5377
5458
5541
5551
5582
5629
5634
5710
5773
5792
5818
5837
5847
5870
5910
5954
5979
6032
6086
6207
6282
6316
6415
6431
6436
6547
6604
6687
6705
6724
6763
6914
6930
6969
7061
7117
7125
7153
7163
7354
7391
7528
7557
7637
7659
7824
7830
7855
7860
7884
7888
7952
8010
8042
8126
8137
8184
8188
8204
8291
8302
8335
8345
8397
8400
8443
8501
8519
8543
8555
8557
8589
8667
8769
8793
8810
8829
8851
8871
8934
8973
9049
9064
9117
9135
9177
9184
9191
9205
9381
9385
9507
9534
9547
9553
9593
9635
9649
9708
9779
9807
9814
9817
9820
9850
9877
9923
10089
10193
10275
10276
10339
10344
10373
10374
10451
10473
10490
10535
10584
10590
10707
10717
10721
10797
10907
10924
10966
11054
11102
11167
11194
5
20
40
46
82
93
117
149
176
182
204
229
285
291
312
313
348
373
389
394
412
437
467
477
494
509
535
541
552
556
577
629
646
650
677
693
707
715
763
769
786
787
808
809
819
839
840
890
911
923
936
945
973
1005
1015
1042
1052
1080
1089
1133
1138
1171
1183
1184
1238
1269
1301
1304
1320
1414
1457
1478
1481
1490
1502
1504
1589
1612
1635
1648
1677
1678
1714
1718
1724
1733
1735
1745
1752
1755
1825
1829
1835
1861
1884
1891
1896
1950
1961
1988
1992
1994
2029
2033
2068
2071
2072
2080
2084
2123
2134
2137
2158
2170
2228
2240
2258
2263
2298
2300
2314
2327
2328
2329
2389
2398
2399
2410
2413
2427
2432
2440
2474
2477
2492
2518
2545
2580
2581
2618
2629
2648
2649
2690
2779
2786
2796
2798
2808
2824
2850
2856
2861
2899
2927
2948
2988
3013
3024
3031
3040
3107
3113
3115
3138
3153
3165
3182
3191
3210
3249
3255
3268
3275
3276
3313
3317
3319
3322
3327
3330
3339
3348
3376
3386
3400
3406
3444
3461
3467
3486
3494
3498
3509
3520
3524
3554
3575
3578
3582
3586
3591
3594
3625
3627
3641
3646
3679
3687
3700
3712
3720
3730
3785
3800
3826
3869
3928
3940
3944
3954
3957
3959
3980
3995
4000
4001
4025
4034
4058
4094
4110
4115
4153
4155
4166
4229
4257
4278
4335
4362
4393
4416
4419
4430
4431
4469
4503
4519
4529
4547
4553
4581
4614
4628
4636
4641
4688
4703
4715
4736
4757
4789
4790
4792
4820
4853
4863
4865
4872
4887
4913
4945
4947
4957
5013
5039
5063
5080
5085
5119
5131
5137
5143
5146
5148
5165
5172
5218
5227
5240
5250
5280
5287
5327
5328
5331
5367
5376
5378
5380
5392
5404
5421
5428
5429
5441
5447
5448
5450
5463
5464
5475
5492
5493
5496
5501
5510
5539
5544
5549
5589
5612
5640
5658
5662
5663
5677
5682
5685
5690
5718
5720
5721
5746
5748
5767
5769
5788
5793
5797
5834
5839
5855
5875
5890
5896
5935
5946
5947
5948
5981
5982
5998
6005
6008
6015
6031
6050
6054
6095
6099
6128
6144
6167
6176
6213
6289
6318
6367
6382
6389
6444
6512
6537
6556
6587
6617
6622
6628
6640
6701
6727
6730
6735
6744
6771
6777
6792
6796
6823
6824
6832
6833
6845
6855
6871
6873
6880
6882
6889
6893
6894
6897
6915
6923
6925
6955
6974
6991
7002
7007
7012
7026
7037
7057
7100
7123
7140
7159
7199
7200
7214
7222
7264
7303
7312
7343
7349
7357
7399
7434
7482
7499
7512
7554
7559
7565
7579
7592
7615
7623
7626
7645
7658
7661
7708
7710
7717
7718
7740
7772
7789
7792
7808
7858
7929
7936
7981
7994
7997
8006
8023
8027
8037
8041
8043
8072
8091
8123
8134
8135
8156
8157
8167
8200
8208
8227
8233
8248
8252
8256
8270
8272
8275
8277
8288
8310
8363
8382
8403
8438
8524
8525
8535
8577
8594
8622
8633
8650
8661
8689
8694
8701
8704
8708
8718
8734
8758
8770
8772
8865
8891
8894
8896
8911
8913
8917
8951
8965
8999
9037
9069
9080
9119
9150
9182
9190
9220
9260
9265
9283
9306
9319
9320
9333
9349
9365
9366
9376
9394
9421
9433
9442
9455
9468
9483
9490
9492
9505
9523
9529
9555
9590
9645
9654
9659
9672
9688
9704
9736
9737
9790
9856
9860
9863
9865
9911
9913
9924
9926
9927
9930
9945
9968
9991
10014
10027
10031
10045
10051
10067
10068
10070
10097
10114
10117
10191
10219
10291
10292
10297
10309
10314
10325
10348
10355
10387
10390
10391
10417
10426
10438
10455
10474
10475
10488
10494
10515
10524
10539
10548
10560
10564
10576
10583
10610
10631
10635
10648
10657
10678
10704
10714
10748
10767
10794
10805
10812
10819
10823
10836
10853
10879
10883
10884
10885
10892
10896
10901
10916
10918
10920
10946
10951
10976
10983
10985
10993
11000
11001
11009
11034
11037
11039
11094
11121
11134
11170
2
30
42
47
56
62
70
78
97
104
113
126
144
145
146
160
162
169
171
192
195
215
216
217
225
230
234
239
247
254
258
272
275
283
294
295
318
333
341
355
364
374
376
383
384
391
392
393
401
409
410
421
423
